2451168|53783|7840|8567392|910980|2132|2932802|8567392|910980|2132|2932802|12|25|1|1|21.86|1.75|23.61|12.00|2.19|17.49|2.19|2.19|12.00|
2451339|52935|5351|5778694|238911|948|5003284|5778694|238911|948|5003284|44|8|1|3|88.93|7.11|96.04|12.00|8.89|71.14|8.89|8.89|12.00|
2450890|66415|88|7208779|1839267|2072|1387216|7208779|1839267|2072|1387216|9|12|2|10|26.40|2.11|28.51|12.00|2.64|21.12|2.64|2.64|12.00|
2451373|73724|623|7379388|270506|3920|5191224|7379388|270506|3920|5191224|22|30|2|10|1.61|0.13|1.74|12.00|0.16|1.29|0.16|0.16|12.00|
2451386|28483|3952|8572683|1416542|5072|120463|8572683|1416542|5072|120463|2|16|3|1|51.83|4.15|55.98|12.00|5.18|41.46|5.18|5.18|12.00|
2451174|31065|21|4634074|331663|4329|1595127|4634074|331663|4329|1595127|45|11|3|4|80.72|6.46|87.18|12.00|8.07|64.58|8.07|8.07|12.00|
2451306|80030|17264|4752678|618603|5325|1153710|4752678|618603|5325|1153710|29|22|4|5|95.92|7.67|103.59|12.00|9.59|76.74|9.59|9.59|12.00|
2451410|54847|7219|2825772|283115|455|5583160|2825772|283115|455|5583160|44|31|4|6|74.63|5.97|80.60|12.00|7.46|59.70|7.46|7.46|12.00|
2451140|11671|3349|672990|1781177|2536|1290202|672990|1781177|2536|1290202|10|32|5|3|27.97|2.24|30.21|12.00|2.80|22.38|2.80|2.80|12.00|
2451451|55546|15174|10876863|496739|7127|441618|10876863|496739|7127|441618|7|4|5|6|20.55|1.64|22.19|12.00|2.06|16.44|2.06|2.06|12.00|
2451183|38230|17962|10855972|607943|2386|225656|10855972|607943|2386|225656|40|21|6|9|52.23|4.18|56.41|12.00|5.22|41.78|5.22|5.22|12.00|
2450851|79630|14428|29830|398810|4287|952160|29830|398810|4287|952160|33|30|6|1|74.10|5.93|80.03|12.00|7.41|59.28|7.41|7.41|12.00|
2450872|73990|16370|1411479|1187809|2759|5252654|1411479|1187809|2759|5252654|41|5|7|2|55.10|4.41|59.51|12.00|5.51|44.08|5.51|5.51|12.00|
2451366|77046|13140|9852340|1436208|1557|1880836|9852340|1436208|1557|1880836|11|22|7|6|14.24|1.14|15.38|12.00|1.42|11.39|1.42|1.42|12.00|
2451026|23987|1315|1987686|255878|2382|5022168|1987686|255878|2382|5022168|39|11|8|9|44.14|3.53|47.67|12.00|4.41|35.31|4.41|4.41|12.00|
2451031|17821|17973|2152500|1121367|2968|1393931|2152500|1121367|2968|1393931|42|1|8|9|88.44|7.08|95.52|12.00|8.84|70.75|8.84|8.84|12.00|
2451288|58241|2852|4062365|1246689|2579|3942550|4062365|1246689|2579|3942550|25|28|9|4|31.91|2.55|34.46|12.00|3.19|25.53|3.19|3.19|12.00|
2451105|4784|173|2539175|1613035|1963|3435192|2539175|1613035|1963|3435192|46|20|9|9|76.26|6.10|82.36|12.00|7.63|61.01|7.63|7.63|12.00|
2450927|38363|8190|7633227|203489|3682|320107|7633227|203489|3682|320107|27|2|10|8|12.33|0.99|13.32|12.00|1.23|9.86|1.23|1.23|12.00|
2451267|69462|5989|2591729|1025608|6196|139971|2591729|1025608|6196|139971|22|20|10|5|35.53|2.84|38.37|12.00|3.55|28.42|3.55|3.55|12.00|
2451143|46927|5714|8382458|427005|1242|377880|8382458|427005|1242|377880|12|26|11|4|18.19|1.46|19.65|12.00|1.82|14.55|1.82|1.82|12.00|
2450946|6207|5238|7218844|1779254|2206|1645751|7218844|1779254|2206|1645751|28|11|11|5|78.02|6.24|84.26|12.00|7.80|62.42|7.80|7.80|12.00|
2450898|31611|8235|5089696|1757703|7071|3362072|5089696|1757703|7071|3362072|33|1|12|1|12.97|1.04|14.01|12.00|1.30|10.38|1.30|1.30|12.00|
2451383|85524|1466|4968779|1174447|2672|2869281|4968779|1174447|2672|2869281|18|29|12|4|80.73|6.46|87.19|12.00|8.07|64.58|8.07|8.07|12.00|
2451472|23419|4215|195872|1843628|5482|1107964|195872|1843628|5482|1107964|24|26|13|5|26.50|2.12|28.62|12.00|2.65|21.20|2.65|2.65|12.00|
2451144|34095|12479|1564850|639040|530|1593855|1564850|639040|530|1593855|57|19|13|8|83.05|6.64|89.69|12.00|8.30|66.44|8.30|8.30|12.00|
2451153|38236|9470|5091228|747290|4096|2708166|5091228|747290|4096|2708166|41|5|14|3|80.02|6.40|86.42|12.00|8.00|64.02|8.00|8.00|12.00|
2451386|14034|4309|790929|1402250|6112|3943937|790929|1402250|6112|3943937|28|19|14|8|76.47|6.12|82.59|12.00|7.65|61.18|7.65|7.65|12.00|
2451166|4153|17628|592248|1684229|6634|3523382|592248|1684229|6634|3523382|14|18|15|2|11.37|0.91|12.28|12.00|1.14|9.10|1.14|1.14|12.00|
2451148|66683|16164|8651743|1578451|2738|1978286|8651743|1578451|2738|1978286|13|12|15|6|66.92|5.35|72.27|12.00|6.69|53.54|6.69|6.69|12.00|
2451492|52948|9323|9805782|1501380|7074|3528080|9805782|1501380|7074|3528080|42|20|16|3|76.79|6.14|82.93|12.00|7.68|61.43|7.68|7.68|12.00|
2451506|81474|4338|5557208|1298229|2791|5108647|5557208|1298229|2791|5108647|32|26|16|6|23.15|1.85|25.00|12.00|2.31|18.52|2.31|2.31|12.00|
2451285|45954|750|4822122|1099704|2825|1544011|4822122|1099704|2825|1544011|53|19|17|7|71.35|5.71|77.06|12.00|7.13|57.08|7.13|7.13|12.00|
2450860|3899|11144|7429456|1572454|3659|138433|7429456|1572454|3659|138433|14|21|17|6|94.77|7.58|102.35|12.00|9.48|75.82|9.48|9.48|12.00|
2451127|70516|14287|6281708|582527|4132|2630005|6281708|582527|4132|2630005|45|6|18|1|5.44|0.44|5.88|12.00|0.54|4.35|0.54|0.54|12.00|
2451373|73240|3904|880786|1495161|5849|4666659|880786|1495161|5849|4666659|38|10|18|9|12.11|0.97|13.08|12.00|1.21|9.69|1.21|1.21|12.00|
2451360|50870|8114|9868081|1184327|7151|639808|9868081|1184327|7151|639808|54|29|19|2|32.13|2.57|34.70|12.00|3.21|25.70|3.21|3.21|12.00|
2450845|78129|1282|9581836|544774|1367|1882834|9581836|544774|1367|1882834|42|28|19|8|33.87|2.71|36.58|12.00|3.39|27.10|3.39|3.39|12.00|
2451118|20953|9535|5650013|1878574|2083|3076209|5650013|1878574|2083|3076209|4|22|20|8|65.40|5.23|70.63|12.00|6.54|52.32|6.54|6.54|12.00|
2451451|73887|9703|7679539|1226605|3689|1280626|7679539|1226605|3689|1280626|50|10|20|8|19.66|1.57|21.23|12.00|1.97|15.73|1.97|1.97|12.00|
2451222|5714|2909|10304118|707090|506|4625128|10304118|707090|506|4625128|16|23|21|4|45.30|3.62|48.92|12.00|4.53|36.24|4.53|4.53|12.00|
2451469|24640|2048|6823589|207241|1183|802938|6823589|207241|1183|802938|21|32|21|8|98.77|7.90|106.67|12.00|9.88|79.02|9.88|9.88|12.00|
2451542|3507|13227|10386209|1554002|364|78548|10386209|1554002|364|78548|11|19|22|9|51.22|4.10|55.32|12.00|5.12|40.98|5.12|5.12|12.00|
2451150|25923|10144|2345184|1083330|4509|5499893|2345184|1083330|4509|5499893|47|3|22|2|11.34|0.91|12.25|12.00|1.13|9.07|1.13|1.13|12.00|
2450942|33791|15789|310657|1509086|5636|1024241|310657|1509086|5636|1024241|13|11|23|5|50.46|4.04|54.50|12.00|5.05|40.37|5.05|5.05|12.00|
2450928|16070|17707|10543665|1828701|1269|992001|10543665|1828701|1269|992001|34|20|23|3|77.01|6.16|83.17|12.00|7.70|61.61|7.70|7.70|12.00|
2450985|82113|7137|11765982|1869443|7176|1012109|11765982|1869443|7176|1012109|58|3|24|8|48.52|3.88|52.40|12.00|4.85|38.82|4.85|4.85|12.00|
2451161|62276|11763|7629129|1183857|3427|4021839|7629129|1183857|3427|4021839|12|15|24|8|19.51|1.56|21.07|12.00|1.95|15.61|1.95|1.95|12.00|
2451447|37669|16156|10884952|1490819|6015|4921339|10884952|1490819|6015|4921339|14|15|25|6|1.17|0.09|1.26|12.00|0.12|0.94|0.12|0.12|12.00|
2451200|82885|14081|1760792|1323710|4773|2520834|1760792|1323710|4773|2520834|1|28|25|7|53.57|4.29|57.86|12.00|5.36|42.86|5.36|5.36|12.00|
2451356|69608|10146|4121912|253883|2103|4891072|4121912|253883|2103|4891072|2|9|26|2|27.80|2.22|30.02|12.00|2.78|22.24|2.78|2.78|12.00|
2451265|61361|3082|10888972|1725502|1961|2478911|10888972|1725502|1961|2478911|48|27|26|2|21.56|1.72|23.28|12.00|2.16|17.25|2.16|2.16|12.00|
2451530|23026|2769|3048185|497991|6249|1422706|3048185|497991|6249|1422706|48|1|27|6|70.40|5.63|76.03|12.00|7.04|56.32|7.04|7.04|12.00|
2451020|70561|4202|5778515|1756101|37|5012633|5778515|1756101|37|5012633|31|26|27|2|64.94|5.20|70.14|12.00|6.49|51.95|6.49|6.49|12.00|
2451247|64758|14911|9371970|841596|410|129077|9371970|841596|410|129077|39|6|28|9|12.33|0.99|13.32|12.00|1.23|9.86|1.23|1.23|12.00|
2451427|51629|13025|11511610|1612671|5674|5324480|11511610|1612671|5674|5324480|55|31|28|5|16.99|1.36|18.35|12.00|1.70|13.59|1.70|1.70|12.00|
2451544|63746|14505|2381678|859950|6005|2976882|2381678|859950|6005|2976882|56|6|29|6|12.54|1.00|13.54|12.00|1.25|10.03|1.25|1.25|12.00|
2451467|43767|69|530393|658451|4444|1232298|530393|658451|4444|1232298|60|31|29|6|91.80|7.34|99.14|12.00|9.18|73.44|9.18|9.18|12.00|
2451220|2895|7531|6792935|452607|6534|1237996|6792935|452607|6534|1237996|5|14|30|6|43.93|3.51|47.44|12.00|4.39|35.14|4.39|4.39|12.00|
2450954|19020|2408|6222568|1665956|167|3629567|6222568|1665956|167|3629567|25|4|30|9|14.95|1.20|16.15|12.00|1.50|11.96|1.50|1.50|12.00|
2451491|9921|4211|3339667|432680|5112|1418745|3339667|432680|5112|1418745|58|24|31|1|24.02|1.92|25.94|12.00|2.40|19.22|2.40|2.40|12.00|
2451535|9753|13757|7320781|1377424|732|4972007|7320781|1377424|732|4972007|17|4|31|9|27.11|2.17|29.28|12.00|2.71|21.69|2.71|2.71|12.00|
2451364|75427|8290|11936215|378852|6054|5527498|11936215|378852|6054|5527498|2|10|32|6|10.91|0.87|11.78|12.00|1.09|8.73|1.09|1.09|12.00|
2451238|19476|10281|9138554|274310|6693|3158061|9138554|274310|6693|3158061|46|13|32|6|65.33|5.23|70.56|12.00|6.53|52.26|6.53|6.53|12.00|
2451092|78336|7920|11372835|1896600|4433|5530111|11372835|1896600|4433|5530111|44|22|33|6|79.97|6.40|86.37|12.00|8.00|63.98|8.00|8.00|12.00|
2450931|18124|1137|8162737|691490|5700|3730063|8162737|691490|5700|3730063|32|11|33|4|19.42|1.55|20.97|12.00|1.94|15.54|1.94|1.94|12.00|
2451281|21563|15839|7873965|1609365|2671|2660857|7873965|1609365|2671|2660857|25|23|34|1|0.14|0.01|0.15|12.00|0.01|0.11|0.01|0.01|12.00|
2451234|31219|10951|7000754|11717|1121|2857872|7000754|11717|1121|2857872|47|23|34|8|23.45|1.88|25.33|12.00|2.35|18.76|2.35|2.35|12.00|
2450920|65445|9972|4288756|187032|2306|4079085|4288756|187032|2306|4079085|49|30|35|7|1.74|0.14|1.88|12.00|0.17|1.39|0.17|0.17|12.00|
2450891|63233|1246|7522423|493156|310|3331228|7522423|493156|310|3331228|36|26|35|1|76.42|6.11|82.53|12.00|7.64|61.14|7.64|7.64|12.00|
2451161|41679|14459|2246642|574773|1226|1644143|2246642|574773|1226|1644143|50|30|36|1|0.83|0.07|0.90|12.00|0.08|0.66|0.08|0.08|12.00|
2451002|68025|17528|1227370|1852561|1502|1840452|1227370|1852561|1502|1840452|6|32|36|2|21.51|1.72|23.23|12.00|2.15|17.21|2.15|2.15|12.00|
2451102|30672|11959|190963|1855964|2807|934169|190963|1855964|2807|934169|13|9|37|8|33.99|2.72|36.71|12.00|3.40|27.19|3.40|3.40|12.00|
2450962|10177|5001|3930|1661129|152|5954868|3930|1661129|152|5954868|38|35|37|1|77.72|6.22|83.94|12.00|7.77|62.18|7.77|7.77|12.00|
2451044|79224|6893|6515836|1700422|3449|1326213|6515836|1700422|3449|1326213|35|8|38|5|41.84|3.35|45.19|12.00|4.18|33.47|4.18|4.18|12.00|
2450916|68216|17240|7441030|891938|4120|3688689|7441030|891938|4120|3688689|25|26|38|1|99.79|7.98|107.77|12.00|9.98|79.83|9.98|9.98|12.00|
2451232|41991|16884|4424520|388901|2983|3491851|4424520|388901|2983|3491851|7|19|39|4|79.47|6.36|85.83|12.00|7.95|63.58|7.95|7.95|12.00|
2451390|75187|10213|9493860|1513340|3115|673226|9493860|1513340|3115|673226|29|14|39|8|31.22|2.50|33.72|12.00|3.12|24.98|3.12|3.12|12.00|
2451469|78211|7541|6243961|563251|5850|662794|6243961|563251|5850|662794|4|18|40|10|49.53|3.96|53.49|12.00|4.95|39.62|4.95|4.95|12.00|
2451319|48043|7502|11397781|876843|6671|560404|11397781|876843|6671|560404|51|25|40|6|41.69|3.34|45.03|12.00|4.17|33.35|4.17|4.17|12.00|
2451444|61459|1251|8363322|166910|3944|3926721|8363322|166910|3944|3926721|4|9|41|8|21.99|1.76|23.75|12.00|2.20|17.59|2.20|2.20|12.00|
2451297|44383|4038|11410994|1613951|1244|4638841|11410994|1613951|1244|4638841|41|8|41|5|75.41|6.03|81.44|12.00|7.54|60.33|7.54|7.54|12.00|
2450819|36346|5543|750830|927006|5049|265753|750830|927006|5049|265753|20|13|42|3|7.61|0.61|8.22|12.00|0.76|6.09|0.76|0.76|12.00|
2450855|60981|2119|6579487|706824|6053|3875634|6579487|706824|6053|3875634|12|2|42|3|67.42|5.39|72.81|12.00|6.74|53.94|6.74|6.74|12.00|
2451247|2905|12289|7540803|1262083|4327|3653410|7540803|1262083|4327|3653410|16|8|43|8|23.39|1.87|25.26|12.00|2.34|18.71|2.34|2.34|12.00|
2451222|65558|1078|8069613|854419|4411|283270|8069613|854419|4411|283270|25|18|43|4|48.52|3.88|52.40|12.00|4.85|38.82|4.85|4.85|12.00|
2451055|70411|16574|6675007|1476696|6677|4098353|6675007|1476696|6677|4098353|1|15|44|1|29.98|2.40|32.38|12.00|3.00|23.98|3.00|3.00|12.00|
2450841|32481|10054|7139561|1111847|215|3397404|7139561|1111847|215|3397404|23|23|44|7|77.06|6.16|83.22|12.00|7.71|61.65|7.71|7.71|12.00|
2451442|54841|15736|11816545|378756|1981|1287148|11816545|378756|1981|1287148|24|3|45|3|41.78|3.34|45.12|12.00|4.18|33.42|4.18|4.18|12.00|
2451273|20312|15603|5019302|1178398|1851|2567664|5019302|1178398|1851|2567664|58|27|45|1|99.50|7.96|107.46|12.00|9.95|79.60|9.95|9.95|12.00|
2451403|58832|6147|3179740|1223166|1450|4889299|3179740|1223166|1450|4889299|15|31|46|6|62.93|5.03|67.96|12.00|6.29|50.34|6.29|6.29|12.00|
2451025|21975|692|7474693|65722|6925|135917|7474693|65722|6925|135917|22|7|46|3|17.74|1.42|19.16|12.00|1.77|14.19|1.77|1.77|12.00|
2451248|37567|17459|9837650|1429106|4975|3812101|9837650|1429106|4975|3812101|35|4|47|6|34.28|2.74|37.02|12.00|3.43|27.42|3.43|3.43|12.00|
2451274|34494|16167|6126460|299772|2861|1238096|6126460|299772|2861|1238096|60|11|47|10|29.17|2.33|31.50|12.00|2.92|23.34|2.92|2.92|12.00|
2451001|60163|2752|8361398|845330|5695|124570|8361398|845330|5695|124570|9|19|48|8|82.99|6.64|89.63|12.00|8.30|66.39|8.30|8.30|12.00|
2451351|31408|1020|2757341|1129004|4868|5877874|2757341|1129004|4868|5877874|39|2|48|2|73.45|5.88|79.33|12.00|7.35|58.76|7.35|7.35|12.00|
2451059|13899|7815|11550942|1623651|2966|5038595|11550942|1623651|2966|5038595|36|32|49|10|43.18|3.45|46.63|12.00|4.32|34.54|4.32|4.32|12.00|
2451002|10839|12423|9640267|1326947|1833|5264745|9640267|1326947|1833|5264745|54|30|49|7|10.41|0.83|11.24|12.00|1.04|8.33|1.04|1.04|12.00|
2450866|73452|13676|4610076|1626611|3534|2490707|4610076|1626611|3534|2490707|49|25|50|5|28.54|2.28|30.82|12.00|2.85|22.83|2.85|2.85|12.00|
2451039|34169|2988|721240|73601|1511|3616366|721240|73601|1511|3616366|10|3|50|5|23.67|1.89|25.56|12.00|2.37|18.94|2.37|2.37|12.00|
2451009|3228|5700|8108542|1316347|1090|4354914|8108542|1316347|1090|4354914|39|35|51|3|95.68|7.65|103.33|12.00|9.57|76.54|9.57|9.57|12.00|
2450851|73821|1440|5883497|531339|2441|472854|5883497|531339|2441|472854|2|8|51|2|61.49|4.92|66.41|12.00|6.15|49.19|6.15|6.15|12.00|
2451325|75912|14078|11892944|458989|1417|5649273|11892944|458989|1417|5649273|56|24|52|6|41.45|3.32|44.77|12.00|4.15|33.16|4.15|4.15|12.00|
2451116|46712|5962|5055072|658502|1195|848147|5055072|658502|1195|848147|24|30|52|7|70.23|5.62|75.85|12.00|7.02|56.18|7.02|7.02|12.00|
2451265|62298|5797|1087957|1565236|1034|5810411|1087957|1565236|1034|5810411|11|10|53|1|48.64|3.89|52.53|12.00|4.86|38.91|4.86|4.86|12.00|
2451453|678|15903|4873904|1105666|28|994588|4873904|1105666|28|994588|22|22|53|6|60.67|4.85|65.52|12.00|6.07|48.54|6.07|6.07|12.00|
2451246|574|17331|9974957|219074|7112|783274|9974957|219074|7112|783274|17|13|54|3|44.95|3.60|48.55|12.00|4.50|35.96|4.50|4.50|12.00|
2451429|28938|9432|10638827|1491273|5725|620260|10638827|1491273|5725|620260|24|32|54|9|37.04|2.96|40.00|12.00|3.70|29.63|3.70|3.70|12.00|
2451460|69679|13040|9031367|579788|3646|1720580|9031367|579788|3646|1720580|39|32|55|2|12.52|1.00|13.52|12.00|1.25|10.02|1.25|1.25|12.00|
2451396|27249|17334|2723486|974320|4238|2494928|2723486|974320|4238|2494928|50|18|55|7|75.34|6.03|81.37|12.00|7.53|60.27|7.53|7.53|12.00|
2450984|3997|5241|10020841|903446|1415|5939105|10020841|903446|1415|5939105|9|4|56|6|52.92|4.23|57.15|12.00|5.29|42.34|5.29|5.29|12.00|
2451433|41057|15566|7035575|292857|3279|1074060|7035575|292857|3279|1074060|47|15|56|3|68.32|5.47|73.79|12.00|6.83|54.66|6.83|6.83|12.00|
2451044|53166|10591|8259183|267024|6427|4781905|8259183|267024|6427|4781905|30|14|57|7|27.44|2.20|29.64|12.00|2.74|21.95|2.74|2.74|12.00|
2451309|47325|15223|9204077|1253879|4918|4091077|9204077|1253879|4918|4091077|36|31|57|2|93.65|7.49|101.14|12.00|9.37|74.92|9.37|9.37|12.00|
2450975|30446|10947|8169223|1511223|4105|675958|8169223|1511223|4105|675958|38|24|58|3|69.91|5.59|75.50|12.00|6.99|55.93|6.99|6.99|12.00|
2451380|44386|454|498571|212709|2121|4223632|498571|212709|2121|4223632|49|35|58|7|78.65|6.29|84.94|12.00|7.87|62.92|7.87|7.87|12.00|
2451008|7095|14623|11203430|333673|1574|1977597|11203430|333673|1574|1977597|4|8|59|2|72.42|5.79|78.21|12.00|7.24|57.94|7.24|7.24|12.00|
2451323|76712|2497|6560402|870391|4341|3447583|6560402|870391|4341|3447583|42|4|59|1|13.94|1.12|15.06|12.00|1.39|11.15|1.39|1.39|12.00|
2451067|56750|13335|8857089|1124328|3306|1706645|8857089|1124328|3306|1706645|53|20|60|1|20.57|1.65|22.22|12.00|2.06|16.46|2.06|2.06|12.00|
2451134|77082|12399|4452383|1617642|2896|2108420|4452383|1617642|2896|2108420|50|6|60|1|85.45|6.84|92.29|12.00|8.54|68.36|8.54|8.54|12.00|
2450840|15290|5450|1439345|1550611|3247|2056653|1439345|1550611|3247|2056653|31|33|61|6|84.37|6.75|91.12|12.00|8.44|67.50|8.44|8.44|12.00|
2451064|29284|6319|8928530|1581633|4992|2598806|8928530|1581633|4992|2598806|42|3|61|1|28.76|2.30|31.06|12.00|2.88|23.01|2.88|2.88|12.00|
2451229|48280|14685|6026205|44095|1259|3279569|6026205|44095|1259|3279569|39|21|62|9|31.79|2.54|34.33|12.00|3.18|25.43|3.18|3.18|12.00|
2451268|36420|13146|1756531|565479|7016|347049|1756531|565479|7016|347049|41|6|62|4|52.91|4.23|57.14|12.00|5.29|42.33|5.29|5.29|12.00|
2451222|73366|12837|4737897|790012|2213|5516334|4737897|790012|2213|5516334|35|35|63|2|59.93|4.79|64.72|12.00|5.99|47.94|5.99|5.99|12.00|
2450866|70584|11235|715122|34172|6821|3752304|715122|34172|6821|3752304|9|11|63|8|2.05|0.16|2.21|12.00|0.20|1.64|0.20|0.20|12.00|
2451527|81579|17196|7875266|38382|3312|2283369|7875266|38382|3312|2283369|3|34|64|8|24.65|1.97|26.62|12.00|2.46|19.72|2.46|2.46|12.00|
2450866|50646|14607|473690|1698431|5798|3609677|473690|1698431|5798|3609677|25|12|64|3|30.55|2.44|32.99|12.00|3.06|24.44|3.06|3.06|12.00|
2450907|60470|17438|3328172|723899|1674|4390526|3328172|723899|1674|4390526|39|16|65|10|44.75|3.58|48.33|12.00|4.48|35.80|4.48|4.48|12.00|
2451512|56880|1744|3841411|767255|2667|5324529|3841411|767255|2667|5324529|59|2|65|2|3.58|0.29|3.87|12.00|0.36|2.86|0.36|0.36|12.00|
2451382|39688|6758|10964244|604228|3152|3282409|10964244|604228|3152|3282409|25|13|66|5|7.87|0.63|8.50|12.00|0.79|6.30|0.79|0.79|12.00|
2450938|18088|1231|7849455|588110|2957|5804954|7849455|588110|2957|5804954|56|24|66|3|99.48|7.96|107.44|12.00|9.95|79.58|9.95|9.95|12.00|
2451341|66325|1458|3390512|408873|1396|1864407|3390512|408873|1396|1864407|34|30|67|3|46.95|3.76|50.71|12.00|4.70|37.56|4.70|4.70|12.00|
2451064|58440|11482|6720610|121321|1360|498177|6720610|121321|1360|498177|44|4|67|6|57.77|4.62|62.39|12.00|5.78|46.22|5.78|5.78|12.00|
2451331|9590|12266|6789082|439581|5863|4553411|6789082|439581|5863|4553411|60|30|68|1|90.98|7.28|98.26|12.00|9.10|72.78|9.10|9.10|12.00|
2451474|61362|14736|8064826|411556|5331|4211346|8064826|411556|5331|4211346|10|6|68|4|49.63|3.97|53.60|12.00|4.96|39.70|4.96|4.96|12.00|
2451358|80126|7581|9501263|1003649|6901|5480583|9501263|1003649|6901|5480583|56|25|69|9|29.39|2.35|31.74|12.00|2.94|23.51|2.94|2.94|12.00|
2450962|27524|12777|5025174|1483447|3252|5352961|5025174|1483447|3252|5352961|58|22|69|3|51.94|4.16|56.10|12.00|5.19|41.55|5.19|5.19|12.00|
2450881|76789|3711|8142252|1698795|6635|176502|8142252|1698795|6635|176502|27|22|70|1|41.73|3.34|45.07|12.00|4.17|33.38|4.17|4.17|12.00|
2451244|51165|15974|981410|510599|1653|3036304|981410|510599|1653|3036304|30|31|70|3|37.18|2.97|40.15|12.00|3.72|29.74|3.72|3.72|12.00|
2450889|30062|16308|6521280|1105062|6733|3725809|6521280|1105062|6733|3725809|60|28|71|8|39.29|3.14|42.43|12.00|3.93|31.43|3.93|3.93|12.00|
2450891|57882|7145|6201586|1249371|1082|3402829|6201586|1249371|1082|3402829|28|35|71|8|7.74|0.62|8.36|12.00|0.77|6.19|0.77|0.77|12.00|
2451434|21352|12148|6142423|1420436|4334|3113877|6142423|1420436|4334|3113877|16|18|72|6|26.52|2.12|28.64|12.00|2.65|21.22|2.65|2.65|12.00|
2451506|33595|305|10642148|1529933|6977|4494886|10642148|1529933|6977|4494886|2|16|72|2|56.00|4.48|60.48|12.00|5.60|44.80|5.60|5.60|12.00|
2451096|34912|4599|4475209|1026423|3343|5753160|4475209|1026423|3343|5753160|14|19|73|5|96.92|7.75|104.67|12.00|9.69|77.54|9.69|9.69|12.00|
2451466|65246|14061|5253279|1052352|2223|3119726|5253279|1052352|2223|3119726|27|31|73|3|78.37|6.27|84.64|12.00|7.84|62.70|7.84|7.84|12.00|
2451429|71574|17773|6307768|234298|174|3370850|6307768|234298|174|3370850|58|23|74|7|64.54|5.16|69.70|12.00|6.45|51.63|6.45|6.45|12.00|
2451454|27530|1638|4560779|1443427|5301|1851124|4560779|1443427|5301|1851124|33|18|74|9|39.51|3.16|42.67|12.00|3.95|31.61|3.95|3.95|12.00|
2451359|45911|14737|5674311|1565215|1992|2859615|5674311|1565215|1992|2859615|57|24|75|9|5.01|0.40|5.41|12.00|0.50|4.01|0.50|0.50|12.00|
2450851|79165|2800|9489929|943438|1872|1390877|9489929|943438|1872|1390877|28|21|75|1|8.04|0.64|8.68|12.00|0.80|6.43|0.80|0.80|12.00|
2450897|48221|9999|6782581|118076|1001|1937467|6782581|118076|1001|1937467|28|32|76|1|51.43|4.11|55.54|12.00|5.14|41.14|5.14|5.14|12.00|
2451255|30210|9835|4939963|604335|5317|592156|4939963|604335|5317|592156|43|30|76|7|28.87|2.31|31.18|12.00|2.89|23.10|2.89|2.89|12.00|
2450942|17608|899|9295038|17651|2304|2634413|9295038|17651|2304|2634413|48|15|77|5|67.69|5.42|73.11|12.00|6.77|54.15|6.77|6.77|12.00|
2451011|56765|13679|10649878|827753|3546|4172902|10649878|827753|3546|4172902|25|4|77|7|97.45|7.80|105.25|12.00|9.75|77.96|9.75|9.75|12.00|
2451456|60216|11791|3701988|883869|451|1621077|3701988|883869|451|1621077|55|14|78|7|28.66|2.29|30.95|12.00|2.87|22.93|2.87|2.87|12.00|
2451288|82562|2393|3299180|1540060|3399|5269855|3299180|1540060|3399|5269855|35|26|78|4|96.19|7.70|103.89|12.00|9.62|76.95|9.62|9.62|12.00|
2451240|29422|328|1433130|1613545|3124|1608037|1433130|1613545|3124|1608037|23|23|79|8|95.33|7.63|102.96|12.00|9.53|76.26|9.53|9.53|12.00|
2451487|27813|10333|7207708|1722036|3309|4432271|7207708|1722036|3309|4432271|2|5|79|5|85.06|6.80|91.86|12.00|8.51|68.05|8.51|8.51|12.00|
2451204|6355|2171|232873|648491|2695|2805700|232873|648491|2695|2805700|3|22|80|9|74.35|5.95|80.30|12.00|7.43|59.48|7.43|7.43|12.00|
2451250|54904|15303|5761314|355607|4528|2729125|5761314|355607|4528|2729125|7|15|80|10|90.69|7.26|97.95|12.00|9.07|72.55|9.07|9.07|12.00|
2451161|63689|10265|9335161|724448|6766|321231|9335161|724448|6766|321231|51|22|81|5|37.49|3.00|40.49|12.00|3.75|29.99|3.75|3.75|12.00|
2451392|29281|7869|4193428|778665|4325|4614299|4193428|778665|4325|4614299|3|15|81|4|95.29|7.62|102.91|12.00|9.53|76.23|9.53|9.53|12.00|
2451057|11269|16043|7630942|720393|7124|731722|7630942|720393|7124|731722|19|29|82|9|46.56|3.72|50.28|12.00|4.66|37.25|4.66|4.66|12.00|
2451535|61955|14931|5397466|1407141|485|1297540|5397466|1407141|485|1297540|29|15|82|10|80.44|6.44|86.88|12.00|8.04|64.35|8.04|8.04|12.00|
2451121|64214|10011|7888903|1436438|647|289073|7888903|1436438|647|289073|50|23|83|3|50.29|4.02|54.31|12.00|5.03|40.23|5.03|5.03|12.00|
2451479|10365|6900|11854731|825001|5573|3534133|11854731|825001|5573|3534133|2|20|83|5|3.17|0.25|3.42|12.00|0.32|2.54|0.32|0.32|12.00|
2451116|5630|3931|3082940|1561994|6415|1724804|3082940|1561994|6415|1724804|9|27|84|6|59.84|4.79|64.63|12.00|5.98|47.87|5.98|5.98|12.00|
2450866|32854|8535|3305053|332867|4398|5572622|3305053|332867|4398|5572622|13|30|84|3|11.50|0.92|12.42|12.00|1.15|9.20|1.15|1.15|12.00|
2451457|14891|4248|10777854|856108|3370|3308236|10777854|856108|3370|3308236|22|32|85|8|14.38|1.15|15.53|12.00|1.44|11.50|1.44|1.44|12.00|
2451366|19726|1323|1080541|1326107|6597|2822632|1080541|1326107|6597|2822632|19|12|85|1|15.15|1.21|16.36|12.00|1.52|12.12|1.52|1.52|12.00|
2450978|83869|6477|9315761|572979|4490|4981597|9315761|572979|4490|4981597|36|20|86|2|25.64|2.05|27.69|12.00|2.56|20.51|2.56|2.56|12.00|
2450987|39985|16073|3511622|1543424|5620|2952818|3511622|1543424|5620|2952818|32|11|86|5|44.63|3.57|48.20|12.00|4.46|35.70|4.46|4.46|12.00|
2451494|73221|14096|5986365|1368772|2247|3766376|5986365|1368772|2247|3766376|30|4|87|7|35.89|2.87|38.76|12.00|3.59|28.71|3.59|3.59|12.00|
2451085|904|4287|9778743|1296149|2886|4116467|9778743|1296149|2886|4116467|54|29|87|10|44.94|3.60|48.54|12.00|4.49|35.95|4.49|4.49|12.00|
2450955|42737|2018|9568555|1799275|6350|967757|9568555|1799275|6350|967757|57|5|88|3|81.83|6.55|88.38|12.00|8.18|65.46|8.18|8.18|12.00|
2450885|55926|15253|1677091|103317|6333|3893442|1677091|103317|6333|3893442|57|7|88|3|63.70|5.10|68.80|12.00|6.37|50.96|6.37|6.37|12.00|
2450987|37600|15556|6488553|905674|3933|2483845|6488553|905674|3933|2483845|19|16|89|8|58.87|4.71|63.58|12.00|5.89|47.10|5.89|5.89|12.00|
2451176|43865|2964|1514584|480698|6864|1461847|1514584|480698|6864|1461847|4|20|89|5|71.82|5.75|77.57|12.00|7.18|57.46|7.18|7.18|12.00|
2451365|38209|5387|1604767|1191199|6887|4726212|1604767|1191199|6887|4726212|45|15|90|3|52.59|4.21|56.80|12.00|5.26|42.07|5.26|5.26|12.00|
2451390|72031|1125|5644217|1079113|523|3458687|5644217|1079113|523|3458687|12|28|90|8|65.57|5.25|70.82|12.00|6.56|52.46|6.56|6.56|12.00|
2451149|11125|2180|7763583|556289|6257|5363425|7763583|556289|6257|5363425|24|19|91|3|90.85|7.27|98.12|12.00|9.08|72.68|9.08|9.08|12.00|
2450971|16935|1037|7944704|650785|6761|1705536|7944704|650785|6761|1705536|51|4|91|4|23.18|1.85|25.03|12.00|2.32|18.54|2.32|2.32|12.00|
2451425|76124|10407|10659908|1312078|5931|381902|10659908|1312078|5931|381902|42|20|92|6|94.21|7.54|101.75|12.00|9.42|75.37|9.42|9.42|12.00|
2451161|69079|11842|7222366|131937|927|1914128|7222366|131937|927|1914128|5|13|92|6|79.95|6.40|86.35|12.00|8.00|63.96|8.00|8.00|12.00|
2451019|74540|356|7287808|927221|4477|4005517|7287808|927221|4477|4005517|28|8|93|7|7.65|0.61|8.26|12.00|0.77|6.12|0.77|0.77|12.00|
2451464|64718|11305|10380855|639589|547|3925731|10380855|639589|547|3925731|39|5|93|3|47.88|3.83|51.71|12.00|4.79|38.30|4.79|4.79|12.00|
2451159|4214|4858|6881965|278281|5958|3733427|6881965|278281|5958|3733427|40|10|94|7|87.19|6.98|94.17|12.00|8.72|69.75|8.72|8.72|12.00|
2450941|66490|1438|515050|1191931|2442|3126279|515050|1191931|2442|3126279|36|25|94|5|92.37|7.39|99.76|12.00|9.24|73.90|9.24|9.24|12.00|
2450841|32560|10390|2302926|1306973|3038|2483225|2302926|1306973|3038|2483225|32|33|95|9|94.12|7.53|101.65|12.00|9.41|75.30|9.41|9.41|12.00|
2451534|15432|12653|8763038|998138|64|2231779|8763038|998138|64|2231779|58|16|95|3|94.54|7.56|102.10|12.00|9.45|75.63|9.45|9.45|12.00|
2451437|10581|4252|4670487|1116821|4667|4611742|4670487|1116821|4667|4611742|18|18|96|2|15.95|1.28|17.23|12.00|1.59|12.76|1.59|1.59|12.00|
2451520|80703|4379|8314093|1581584|1163|4723635|8314093|1581584|1163|4723635|7|8|96|8|12.78|1.02|13.80|12.00|1.28|10.22|1.28|1.28|12.00|
2451380|53143|13533|3099474|1131350|4259|118356|3099474|1131350|4259|118356|6|12|97|1|97.40|7.79|105.19|12.00|9.74|77.92|9.74|9.74|12.00|
2451438|58199|7465|8712960|35946|6933|5242224|8712960|35946|6933|5242224|15|15|97|10|22.77|1.82|24.59|12.00|2.28|18.22|2.28|2.28|12.00|
2451060|46665|16367|11482114|1007806|4981|1002953|11482114|1007806|4981|1002953|43|14|98|4|6.70|0.54|7.24|12.00|0.67|5.36|0.67|0.67|12.00|
2450816|62278|4352|5415352|1612704|3875|3898883|5415352|1612704|3875|3898883|5|35|98|3|94.72|7.58|102.30|12.00|9.47|75.78|9.47|9.47|12.00|
2451205|85951|17630|2067502|1525915|1218|84574|2067502|1525915|1218|84574|26|3|99|8|99.67|7.97|107.64|12.00|9.97|79.74|9.97|9.97|12.00|
2451211|45539|12771|6666800|318876|4572|3741522|6666800|318876|4572|3741522|33|29|99|5|8.53|0.68|9.21|12.00|0.85|6.82|0.85|0.85|12.00|
2451340|46947|5462|8330881|5123|1013|4196583|8330881|5123|1013|4196583|9|32|100|4|75.43|6.03|81.46|12.00|7.54|60.34|7.54|7.54|12.00|
2450987|67306|1088|730063|365956|5437|4933247|730063|365956|5437|4933247|27|33|100|4|73.34|5.87|79.21|12.00|7.33|58.67|7.33|7.33|12.00|
2450882|63534|3097|9685980|1448654|576|4470948|9685980|1448654|576|4470948|25|2|101|9|24.88|1.99|26.87|12.00|2.49|19.90|2.49|2.49|12.00|
2451025|35190|12098|9226708|331969|159|5109896|9226708|331969|159|5109896|14|32|101|8|94.10|7.53|101.63|12.00|9.41|75.28|9.41|9.41|12.00|
2451217|84990|11879|10551195|1704637|294|4733717|10551195|1704637|294|4733717|27|26|102|3|73.94|5.92|79.86|12.00|7.39|59.15|7.39|7.39|12.00|
2450841|23517|9065|8080799|186501|687|4500010|8080799|186501|687|4500010|55|35|102|2|97.21|7.78|104.99|12.00|9.72|77.77|9.72|9.72|12.00|
2450848|24318|17641|6171241|47086|3092|3755342|6171241|47086|3092|3755342|41|22|103|2|84.40|6.75|91.15|12.00|8.44|67.52|8.44|8.44|12.00|
2450978|9187|12732|8738030|624624|6925|5083951|8738030|624624|6925|5083951|54|28|103|3|41.18|3.29|44.47|12.00|4.12|32.94|4.12|4.12|12.00|
2451522|67798|8764|5511372|1073322|214|3430789|5511372|1073322|214|3430789|51|15|104|5|39.36|3.15|42.51|12.00|3.94|31.49|3.94|3.94|12.00|
2451521|74394|8296|10228691|533200|2871|676986|10228691|533200|2871|676986|39|16|104|4|64.31|5.14|69.45|12.00|6.43|51.45|6.43|6.43|12.00|
2451234|39487|1905|11148092|54159|4614|5134865|11148092|54159|4614|5134865|1|9|105|8|36.74|2.94|39.68|12.00|3.67|29.39|3.67|3.67|12.00|
2450830|36353|11791|6945846|1720907|5888|5279466|6945846|1720907|5888|5279466|27|10|105|6|22.42|1.79|24.21|12.00|2.24|17.94|2.24|2.24|12.00|
2451019|11272|16464|2043910|1223724|2391|1316970|2043910|1223724|2391|1316970|2|10|106|1|62.67|5.01|67.68|12.00|6.27|50.14|6.27|6.27|12.00|
2451518|8783|5545|11855381|115354|6790|5715579|11855381|115354|6790|5715579|60|22|106|10|0.44|0.04|0.48|12.00|0.04|0.35|0.04|0.04|12.00|
2451153|62134|3462|4398256|644211|1195|1988251|4398256|644211|1195|1988251|4|8|107|7|88.32|7.07|95.39|12.00|8.83|70.66|8.83|8.83|12.00|
2451131|48231|15284|6009746|1914596|1844|731416|6009746|1914596|1844|731416|14|14|107|1|76.60|6.13|82.73|12.00|7.66|61.28|7.66|7.66|12.00|
2451528|62824|2923|11466969|1524634|6583|4852000|11466969|1524634|6583|4852000|3|15|108|8|60.42|4.83|65.25|12.00|6.04|48.34|6.04|6.04|12.00|
2450836|75155|14567|10023909|69207|6258|2374911|10023909|69207|6258|2374911|18|34|108|8|38.06|3.04|41.10|12.00|3.81|30.45|3.81|3.81|12.00|
2451008|51441|2703|3263245|1159104|1834|3489185|3263245|1159104|1834|3489185|25|27|109|8|32.60|2.61|35.21|12.00|3.26|26.08|3.26|3.26|12.00|
2451494|69802|17572|8471081|1651199|3928|382504|8471081|1651199|3928|382504|34|4|109|2|48.53|3.88|52.41|12.00|4.85|38.82|4.85|4.85|12.00|
2451071|19567|8907|9102841|1920707|4261|1565833|9102841|1920707|4261|1565833|45|30|110|4|21.70|1.74|23.44|12.00|2.17|17.36|2.17|2.17|12.00|
2451332|23757|17554|3489547|521315|4338|597808|3489547|521315|4338|597808|42|33|110|3|8.28|0.66|8.94|12.00|0.83|6.62|0.83|0.83|12.00|
2451242|75581|4560|5644993|60582|5808|3074477|5644993|60582|5808|3074477|26|28|111|3|49.37|3.95|53.32|12.00|4.94|39.50|4.94|4.94|12.00|
2451352|13371|16025|4924448|1657256|2078|4170039|4924448|1657256|2078|4170039|34|2|111|5|46.77|3.74|50.51|12.00|4.68|37.42|4.68|4.68|12.00|
2451424|3935|5148|2987026|652056|6825|980285|2987026|652056|6825|980285|35|7|112|8|86.56|6.92|93.48|12.00|8.66|69.25|8.66|8.66|12.00|
2450890|32030|13476|7626305|1834030|4494|2550192|7626305|1834030|4494|2550192|36|27|112|4|35.35|2.83|38.18|12.00|3.54|28.28|3.54|3.54|12.00|
2451030|12252|12068|3481163|166921|5968|3609449|3481163|166921|5968|3609449|20|4|113|7|51.36|4.11|55.47|12.00|5.14|41.09|5.14|5.14|12.00|
2451454|71847|1949|10846046|741776|2397|4152275|10846046|741776|2397|4152275|28|16|113|5|42.11|3.37|45.48|12.00|4.21|33.69|4.21|4.21|12.00|
2451347|62823|9310|918544|19568|7095|356561|918544|19568|7095|356561|60|1|114|4|14.41|1.15|15.56|12.00|1.44|11.53|1.44|1.44|12.00|
2451078|57658|5685|5670315|1003813|6132|1072278|5670315|1003813|6132|1072278|22|27|114|5|66.03|5.28|71.31|12.00|6.60|52.82|6.60|6.60|12.00|
2451127|66339|8143|2766743|45848|5990|1572176|2766743|45848|5990|1572176|49|35|115|7|82.16|6.57|88.73|12.00|8.22|65.73|8.22|8.22|12.00|
2450975|74534|5998|4449830|160511|2128|4067414|4449830|160511|2128|4067414|44|19|115|10|99.64|7.97|107.61|12.00|9.96|79.71|9.96|9.96|12.00|
2451139|5812|11346|2981603|593203|5417|2751469|2981603|593203|5417|2751469|48|25|116|6|43.46|3.48|46.94|12.00|4.35|34.77|4.35|4.35|12.00|
2451501|70942|16826|9925815|966297|976|2086949|9925815|966297|976|2086949|37|18|116|6|8.40|0.67|9.07|12.00|0.84|6.72|0.84|0.84|12.00|
2451410|43777|12211|9546289|176349|4835|4969636|9546289|176349|4835|4969636|29|9|117|4|45.29|3.62|48.91|12.00|4.53|36.23|4.53|4.53|12.00|
2451414|18074|3508|1430376|1447052|3368|1314000|1430376|1447052|3368|1314000|45|19|117|1|6.99|0.56|7.55|12.00|0.70|5.59|0.70|0.70|12.00|
2451431|5905|482|1520671|626143|1176|142108|1520671|626143|1176|142108|11|22|118|7|19.77|1.58|21.35|12.00|1.98|15.82|1.98|1.98|12.00|
2451278|76819|11590|9013516|1650302|2156|4658083|9013516|1650302|2156|4658083|9|3|118|7|98.59|7.89|106.48|12.00|9.86|78.87|9.86|9.86|12.00|
2451455|21618|249|7490477|17816|5676|1206342|7490477|17816|5676|1206342|1|28|119|8|1.88|0.15|2.03|12.00|0.19|1.50|0.19|0.19|12.00|
2451001|58125|4932|11863720|1086658|192|4600737|11863720|1086658|192|4600737|59|34|119|10|59.66|4.77|64.43|12.00|5.97|47.73|5.97|5.97|12.00|
2450984|78318|3994|1408076|731610|6832|348601|1408076|731610|6832|348601|28|28|120|8|11.37|0.91|12.28|12.00|1.14|9.10|1.14|1.14|12.00|
2451355|46115|5207|9628676|412707|4411|1234153|9628676|412707|4411|1234153|35|29|120|10|31.53|2.52|34.05|12.00|3.15|25.22|3.15|3.15|12.00|
2450968|33474|10988|9519777|332567|3744|4039168|9519777|332567|3744|4039168|44|8|121|4|3.51|0.28|3.79|12.00|0.35|2.81|0.35|0.35|12.00|
2451490|70384|6169|4986401|1282794|4729|5577810|4986401|1282794|4729|5577810|5|2|121|10|61.89|4.95|66.84|12.00|6.19|49.51|6.19|6.19|12.00|
2451095|5799|7496|5432018|194294|2376|4931345|5432018|194294|2376|4931345|44|32|122|1|93.82|7.51|101.33|12.00|9.38|75.06|9.38|9.38|12.00|
2451417|85277|14062|4246774|1107375|2690|561542|4246774|1107375|2690|561542|52|3|122|9|90.82|7.27|98.09|12.00|9.08|72.66|9.08|9.08|12.00|
2451428|16158|17734|7006170|763261|1692|5367433|7006170|763261|1692|5367433|46|3|123|7|51.73|4.14|55.87|12.00|5.17|41.38|5.17|5.17|12.00|
2451090|12047|17113|7766341|1027928|2932|1337178|7766341|1027928|2932|1337178|52|35|123|4|58.33|4.67|63.00|12.00|5.83|46.66|5.83|5.83|12.00|
2451114|47594|6710|7940733|734417|347|5857508|7940733|734417|347|5857508|58|3|124|7|20.55|1.64|22.19|12.00|2.06|16.44|2.06|2.06|12.00|
2451051|85856|13533|3453568|1003370|681|2329577|3453568|1003370|681|2329577|28|25|124|3|24.93|1.99|26.92|12.00|2.49|19.94|2.49|2.49|12.00|
2450841|11596|6932|3278694|62409|4887|658430|3278694|62409|4887|658430|49|31|125|2|57.92|4.63|62.55|12.00|5.79|46.34|5.79|5.79|12.00|
2451423|58192|7826|8714234|206568|5206|4158925|8714234|206568|5206|4158925|10|22|125|4|16.65|1.33|17.98|12.00|1.67|13.32|1.67|1.67|12.00|
2451157|13467|1349|7528676|734979|2112|2255989|7528676|734979|2112|2255989|32|9|126|8|66.99|5.36|72.35|12.00|6.70|53.59|6.70|6.70|12.00|
2450898|59968|4867|6760247|1651742|3921|4706895|6760247|1651742|3921|4706895|31|7|126|8|93.02|7.44|100.46|12.00|9.30|74.42|9.30|9.30|12.00|
2451340|31834|6931|6647223|753049|6993|3354997|6647223|753049|6993|3354997|36|16|127|6|45.57|3.65|49.22|12.00|4.56|36.46|4.56|4.56|12.00|
2451424|28796|2393|7711337|428038|3041|4553663|7711337|428038|3041|4553663|12|29|127|10|78.17|6.25|84.42|12.00|7.82|62.54|7.82|7.82|12.00|
2451357|66924|693|5875034|1194101|4998|5272905|5875034|1194101|4998|5272905|27|1|128|1|39.07|3.13|42.20|12.00|3.91|31.26|3.91|3.91|12.00|
2451054|18889|15170|3731352|690918|5747|2325766|3731352|690918|5747|2325766|24|5|128|3|1.90|0.15|2.05|12.00|0.19|1.52|0.19|0.19|12.00|
2451499|41102|1526|6098566|90598|4316|3772102|6098566|90598|4316|3772102|14|11|129|8|76.66|6.13|82.79|12.00|7.67|61.33|7.67|7.67|12.00|
2450826|33299|17771|2768225|959114|6164|2506115|2768225|959114|6164|2506115|7|17|129|7|35.79|2.86|38.65|12.00|3.58|28.63|3.58|3.58|12.00|
2451086|52569|17447|9848037|1204265|215|3671891|9848037|1204265|215|3671891|48|20|130|1|23.32|1.87|25.19|12.00|2.33|18.66|2.33|2.33|12.00|
2450940|81992|16876|942294|804500|971|5541120|942294|804500|971|5541120|19|31|130|4|6.05|0.48|6.53|12.00|0.60|4.84|0.60|0.60|12.00|
2450826|31907|3815|3342896|31967|838|3767468|3342896|31967|838|3767468|14|20|131|4|73.70|5.90|79.60|12.00|7.37|58.96|7.37|7.37|12.00|
2450889|32194|10855|11761475|933105|6372|1321655|11761475|933105|6372|1321655|2|30|131|8|13.99|1.12|15.11|12.00|1.40|11.19|1.40|1.40|12.00|
2450952|43207|15263|5894938|782632|6121|4173534|5894938|782632|6121|4173534|31|4|132|10|57.04|4.56|61.60|12.00|5.70|45.63|5.70|5.70|12.00|
2451244|59707|14508|10301871|1274105|5039|73946|10301871|1274105|5039|73946|54|5|132|1|85.64|6.85|92.49|12.00|8.56|68.51|8.56|8.56|12.00|
2451162|55950|7624|1231516|567543|6273|1532866|1231516|567543|6273|1532866|20|21|133|2|28.68|2.29|30.97|12.00|2.87|22.94|2.87|2.87|12.00|
2451318|69170|470|7032617|392383|6166|3295661|7032617|392383|6166|3295661|34|24|133|6|53.79|4.30|58.09|12.00|5.38|43.03|5.38|5.38|12.00|
2451454|6619|1527|5233513|116554|517|62440|5233513|116554|517|62440|22|19|134|10|65.56|5.24|70.80|12.00|6.56|52.45|6.56|6.56|12.00|
2451290|54014|1471|11352063|1592807|4731|5422095|11352063|1592807|4731|5422095|16|26|134|8|35.85|2.87|38.72|12.00|3.59|28.68|3.59|3.59|12.00|
2450925|28405|13400|11784874|955226|917|3001496|11784874|955226|917|3001496|55|9|135|8|4.22|0.34|4.56|12.00|0.42|3.38|0.42|0.42|12.00|
2451000|3829|15024|10269316|1669107|5986|5184394|10269316|1669107|5986|5184394|20|33|135|7|93.78|7.50|101.28|12.00|9.38|75.02|9.38|9.38|12.00|
2451046|5583|6661|9498088|549696|2821|668686|9498088|549696|2821|668686|44|17|136|6|15.72|1.26|16.98|12.00|1.57|12.58|1.57|1.57|12.00|
2451544|50138|14502|3687788|306610|4274|556168|3687788|306610|4274|556168|13|10|136|10|2.33|0.19|2.52|12.00|0.23|1.86|0.23|0.23|12.00|
2450825|73979|13510|4359636|1290348|4569|5464115|4359636|1290348|4569|5464115|30|33|137|2|2.10|0.17|2.27|12.00|0.21|1.68|0.21|0.21|12.00|
2450838|63099|9614|9077255|1098137|1789|3539617|9077255|1098137|1789|3539617|2|7|137|4|23.14|1.85|24.99|12.00|2.31|18.51|2.31|2.31|12.00|
2451016|37555|2147|4406564|137230|1216|1713756|4406564|137230|1216|1713756|31|4|138|6|91.61|7.33|98.94|12.00|9.16|73.29|9.16|9.16|12.00|
2451218|60304|16786|1268093|1295749|6645|1178876|1268093|1295749|6645|1178876|5|17|138|10|43.25|3.46|46.71|12.00|4.33|34.60|4.33|4.33|12.00|
2450947|16783|11491|10486092|1096871|3870|2281222|10486092|1096871|3870|2281222|18|31|139|1|14.05|1.12|15.17|12.00|1.41|11.24|1.41|1.41|12.00|
2451390|84300|11629|9625329|1665345|6493|4734533|9625329|1665345|6493|4734533|40|10|139|4|37.74|3.02|40.76|12.00|3.77|30.19|3.77|3.77|12.00|
2450937|14793|2034|7432224|601539|2117|2851981|7432224|601539|2117|2851981|54|7|140|7|22.08|1.77|23.85|12.00|2.21|17.66|2.21|2.21|12.00|
2451541|30920|4148|2767650|176125|5142|1654484|2767650|176125|5142|1654484|59|32|140|1|16.08|1.29|17.37|12.00|1.61|12.86|1.61|1.61|12.00|
2450844|80840|3348|1220346|1474114|461|2997422|1220346|1474114|461|2997422|39|28|141|4|87.39|6.99|94.38|12.00|8.74|69.91|8.74|8.74|12.00|
2451228|13976|13039|2349540|600964|2050|5005055|2349540|600964|2050|5005055|3|19|141|10|6.31|0.50|6.81|12.00|0.63|5.05|0.63|0.63|12.00|
2451041|31617|6696|248975|1444551|4574|3650411|248975|1444551|4574|3650411|28|5|142|2|78.91|6.31|85.22|12.00|7.89|63.13|7.89|7.89|12.00|
2451166|71840|10768|4826107|1047234|370|2013358|4826107|1047234|370|2013358|50|28|142|3|92.84|7.43|100.27|12.00|9.28|74.27|9.28|9.28|12.00|
2451159|82861|5051|5067857|46717|2340|1139382|5067857|46717|2340|1139382|53|5|143|6|8.56|0.68|9.24|12.00|0.86|6.85|0.86|0.86|12.00|
2451082|8059|8031|2215002|1640013|7108|5587013|2215002|1640013|7108|5587013|32|27|143|1|85.06|6.80|91.86|12.00|8.51|68.05|8.51|8.51|12.00|
2451458|9020|15483|10810466|1821280|3008|2714378|10810466|1821280|3008|2714378|53|11|144|6|81.40|6.51|87.91|12.00|8.14|65.12|8.14|8.14|12.00|
2451333|4130|579|6611851|1184944|6972|2205964|6611851|1184944|6972|2205964|20|22|144|6|92.72|7.42|100.14|12.00|9.27|74.18|9.27|9.27|12.00|
2451526|33274|666|11465454|951889|1006|1084650|11465454|951889|1006|1084650|25|33|145|1|65.64|5.25|70.89|12.00|6.56|52.51|6.56|6.56|12.00|
2451181|72588|11330|11385700|1495990|4713|3724058|11385700|1495990|4713|3724058|48|18|145|5|99.36|7.95|107.31|12.00|9.94|79.49|9.94|9.94|12.00|
2450931|57395|14585|11143250|42049|1576|954254|11143250|42049|1576|954254|15|17|146|4|25.55|2.04|27.59|12.00|2.56|20.44|2.56|2.56|12.00|
2451157|1823|14935|4161041|1735819|6384|1726867|4161041|1735819|6384|1726867|50|18|146|7|80.98|6.48|87.46|12.00|8.10|64.78|8.10|8.10|12.00|
2451246|41374|5256|7101379|1749208|243|4769061|7101379|1749208|243|4769061|42|11|147|9|8.59|0.69|9.28|12.00|0.86|6.87|0.86|0.86|12.00|
2451248|20856|10835|10049489|981223|4908|1499022|10049489|981223|4908|1499022|55|14|147|10|23.22|1.86|25.08|12.00|2.32|18.58|2.32|2.32|12.00|
2451541|22636|12502|2285600|1290735|1832|476047|2285600|1290735|1832|476047|51|27|148|2|32.92|2.63|35.55|12.00|3.29|26.34|3.29|3.29|12.00|
2451388|71970|17447|7207673|1697633|2063|4088830|7207673|1697633|2063|4088830|32|15|148|7|70.44|5.64|76.08|12.00|7.04|56.35|7.04|7.04|12.00|
2450867|56134|12611|6784337|1300773|5633|5922329|6784337|1300773|5633|5922329|35|32|149|7|45.09|3.61|48.70|12.00|4.51|36.07|4.51|4.51|12.00|
2450840|64966|5920|9947610|488480|91|2285428|9947610|488480|91|2285428|55|33|149|4|47.06|3.76|50.82|12.00|4.71|37.65|4.71|4.71|12.00|
2451395|66817|15066|2371679|307875|951|4514106|2371679|307875|951|4514106|57|2|150|4|3.45|0.28|3.73|12.00|0.35|2.76|0.35|0.35|12.00|
2451432|21754|13774|6615490|42820|1486|4012397|6615490|42820|1486|4012397|35|24|150|5|54.61|4.37|58.98|12.00|5.46|43.69|5.46|5.46|12.00|
2451064|19934|4292|6092340|912466|4657|2165864|6092340|912466|4657|2165864|15|14|151|5|95.36|7.63|102.99|12.00|9.54|76.29|9.54|9.54|12.00|
2451293|45818|217|7862284|205930|3758|1520077|7862284|205930|3758|1520077|46|10|151|3|6.14|0.49|6.63|12.00|0.61|4.91|0.61|0.61|12.00|
2451389|33331|2349|5174066|1175020|165|3615286|5174066|1175020|165|3615286|32|5|152|8|66.16|5.29|71.45|12.00|6.62|52.93|6.62|6.62|12.00|
2450893|33616|5665|8127265|180427|7170|2425114|8127265|180427|7170|2425114|58|14|152|2|65.88|5.27|71.15|12.00|6.59|52.70|6.59|6.59|12.00|
2450828|54623|4887|3474662|173244|4276|824187|3474662|173244|4276|824187|25|13|153|4|76.60|6.13|82.73|12.00|7.66|61.28|7.66|7.66|12.00|
2451067|47317|10328|11237122|870487|6196|3385167|11237122|870487|6196|3385167|1|5|153|3|97.56|7.80|105.36|12.00|9.76|78.05|9.76|9.76|12.00|
2451416|35098|15218|3216274|257961|6273|1850102|3216274|257961|6273|1850102|46|3|154|5|34.15|2.73|36.88|12.00|3.42|27.32|3.42|3.42|12.00|
2451172|56426|4009|9075342|1091043|3610|3336736|9075342|1091043|3610|3336736|1|18|154|6|66.42|5.31|71.73|12.00|6.64|53.14|6.64|6.64|12.00|
2450980|37432|10318|1608102|667219|4546|883806|1608102|667219|4546|883806|27|16|155|3|50.90|4.07|54.97|12.00|5.09|40.72|5.09|5.09|12.00|
2451172|78920|7217|8142074|1573347|4872|4017003|8142074|1573347|4872|4017003|13|3|155|3|35.21|2.82|38.03|12.00|3.52|28.17|3.52|3.52|12.00|
2451114|39453|4397|10894534|1160316|61|896750|10894534|1160316|61|896750|13|6|156|7|12.96|1.04|14.00|12.00|1.30|10.37|1.30|1.30|12.00|
2451313|19975|10862|5482256|1764531|2098|1025734|5482256|1764531|2098|1025734|15|4|156|8|28.46|2.28|30.74|12.00|2.85|22.77|2.85|2.85|12.00|
2451385|23953|17823|11991375|1726541|5254|4895983|11991375|1726541|5254|4895983|52|2|157|9|98.10|7.85|105.95|12.00|9.81|78.48|9.81|9.81|12.00|
2451372|44955|4059|6070053|588686|6381|3702168|6070053|588686|6381|3702168|4|14|157|7|16.80|1.34|18.14|12.00|1.68|13.44|1.68|1.68|12.00|
2451337|26303|12734|3731140|1276303|3427|1669743|3731140|1276303|3427|1669743|24|27|158|6|95.81|7.66|103.47|12.00|9.58|76.65|9.58|9.58|12.00|
2451218|19071|16709|2049343|373149|181|2601167|2049343|373149|181|2601167|32|9|158|4|10.18|0.81|10.99|12.00|1.02|8.14|1.02|1.02|12.00|
2450823|3123|13566|2621591|1493|4707|5437459|2621591|1493|4707|5437459|1|32|159|3|19.64|1.57|21.21|12.00|1.96|15.71|1.96|1.96|12.00|
2451533|41186|16015|11424258|24799|1306|1763114|11424258|24799|1306|1763114|13|18|159|7|51.86|4.15|56.01|12.00|5.19|41.49|5.19|5.19|12.00|
2451335|84786|2930|7334968|1165244|1832|4942493|7334968|1165244|1832|4942493|36|21|160|10|11.66|0.93|12.59|12.00|1.17|9.33|1.17|1.17|12.00|
2450971|13736|16237|2039855|1786315|1826|2126161|2039855|1786315|1826|2126161|20|17|160|5|84.03|6.72|90.75|12.00|8.40|67.22|8.40|8.40|12.00|
2451053|63867|7156|6192485|25798|675|2257240|6192485|25798|675|2257240|9|13|161|8|18.32|1.47|19.79|12.00|1.83|14.66|1.83|1.83|12.00|
2450935|21057|14593|961160|557794|4100|2826765|961160|557794|4100|2826765|58|27|161|3|37.58|3.01|40.59|12.00|3.76|30.06|3.76|3.76|12.00|
2451254|18096|6494|2918762|1195090|5914|1109819|2918762|1195090|5914|1109819|18|25|162|5|9.35|0.75|10.10|12.00|0.94|7.48|0.94|0.94|12.00|
2451108|42440|7080|1133951|953732|634|3094351|1133951|953732|634|3094351|39|3|162|7|67.92|5.43|73.35|12.00|6.79|54.34|6.79|6.79|12.00|
2451363|35195|11802|9033661|1034865|1702|4503755|9033661|1034865|1702|4503755|58|33|163|3|39.71|3.18|42.89|12.00|3.97|31.77|3.97|3.97|12.00|
2451508|3002|3601|8642917|1437551|5951|3028797|8642917|1437551|5951|3028797|33|10|163|4|25.04|2.00|27.04|12.00|2.50|20.03|2.50|2.50|12.00|
2451295|59902|10821|9870259|789816|2275|2620500|9870259|789816|2275|2620500|33|3|164|3|33.31|2.66|35.97|12.00|3.33|26.65|3.33|3.33|12.00|
2451400|64776|16200|6548875|1077321|2851|1422830|6548875|1077321|2851|1422830|45|33|164|7|10.68|0.85|11.53|12.00|1.07|8.54|1.07|1.07|12.00|
2450902|56276|15927|10218335|509120|5174|3771445|10218335|509120|5174|3771445|29|10|165|1|44.86|3.59|48.45|12.00|4.49|35.89|4.49|4.49|12.00|
2451176|46172|12000|4456023|1227902|915|1480343|4456023|1227902|915|1480343|50|16|165|8|44.23|3.54|47.77|12.00|4.42|35.38|4.42|4.42|12.00|
2451245|11424|17543|2198582|1308012|829|817951|2198582|1308012|829|817951|10|34|166|8|36.77|2.94|39.71|12.00|3.68|29.42|3.68|3.68|12.00|
2451011|31785|13097|6834964|1642946|7197|2184420|6834964|1642946|7197|2184420|47|23|166|8|25.56|2.04|27.60|12.00|2.56|20.45|2.56|2.56|12.00|
2451282|36937|8543|8937238|919665|4585|5010703|8937238|919665|4585|5010703|11|20|167|1|32.37|2.59|34.96|12.00|3.24|25.90|3.24|3.24|12.00|
2451288|44874|3213|9154531|1558429|4038|5595954|9154531|1558429|4038|5595954|5|4|167|8|54.99|4.40|59.39|12.00|5.50|43.99|5.50|5.50|12.00|
2451480|82029|6620|405020|544653|5037|749476|405020|544653|5037|749476|7|2|168|7|67.86|5.43|73.29|12.00|6.79|54.29|6.79|6.79|12.00|
2451411|55591|11156|4949808|1279496|5538|262066|4949808|1279496|5538|262066|41|8|168|5|50.30|4.02|54.32|12.00|5.03|40.24|5.03|5.03|12.00|
2450827|58758|15259|45136|562825|3158|2162166|45136|562825|3158|2162166|12|26|169|8|13.34|1.07|14.41|12.00|1.33|10.67|1.33|1.33|12.00|
2450900|12501|4559|1047549|1493757|2155|4529706|1047549|1493757|2155|4529706|42|26|169|7|34.99|2.80|37.79|12.00|3.50|27.99|3.50|3.50|12.00|
2451338|72394|17679|8012748|460274|6417|1939266|8012748|460274|6417|1939266|46|8|170|10|26.68|2.13|28.81|12.00|2.67|21.34|2.67|2.67|12.00|
2451534|12013|9917|9140478|1609152|2241|5360387|9140478|1609152|2241|5360387|18|10|170|4|42.77|3.42|46.19|12.00|4.28|34.22|4.28|4.28|12.00|
2451251|15298|14009|4549364|1917768|6097|5607168|4549364|1917768|6097|5607168|46|13|171|9|37.26|2.98|40.24|12.00|3.73|29.81|3.73|3.73|12.00|
2450959|37132|14866|11984541|835477|5633|254700|11984541|835477|5633|254700|23|9|171|8|78.03|6.24|84.27|12.00|7.80|62.42|7.80|7.80|12.00|
2451073|52867|12129|1426284|1900917|1168|262114|1426284|1900917|1168|262114|1|17|172|1|54.05|4.32|58.37|12.00|5.41|43.24|5.41|5.41|12.00|
2451072|39440|17997|7485058|95910|6922|1596877|7485058|95910|6922|1596877|37|21|172|2|36.89|2.95|39.84|12.00|3.69|29.51|3.69|3.69|12.00|
2451365|36771|4130|7783567|241091|3659|2024953|7783567|241091|3659|2024953|28|6|173|8|74.39|5.95|80.34|12.00|7.44|59.51|7.44|7.44|12.00|
2451105|14020|9096|2367223|1482977|5691|1373979|2367223|1482977|5691|1373979|45|31|173|7|73.86|5.91|79.77|12.00|7.39|59.09|7.39|7.39|12.00|
2450901|70114|3918|2219076|344100|2499|5811622|2219076|344100|2499|5811622|8|32|174|9|47.83|3.83|51.66|12.00|4.78|38.26|4.78|4.78|12.00|
2451316|83211|6093|9083288|1299426|5608|2117002|9083288|1299426|5608|2117002|10|33|174|7|38.32|3.07|41.39|12.00|3.83|30.66|3.83|3.83|12.00|
2450824|37210|12524|11575091|107185|7087|3619115|11575091|107185|7087|3619115|45|21|175|5|54.48|4.36|58.84|12.00|5.45|43.58|5.45|5.45|12.00|
2451046|49935|6870|6881138|477008|4810|4040560|6881138|477008|4810|4040560|55|1|175|6|8.90|0.71|9.61|12.00|0.89|7.12|0.89|0.89|12.00|
2451478|32208|17896|3555873|1518596|4525|2794272|3555873|1518596|4525|2794272|9|6|176|2|93.76|7.50|101.26|12.00|9.38|75.01|9.38|9.38|12.00|
2450912|52055|7060|8727561|17911|5870|1111360|8727561|17911|5870|1111360|55|33|176|9|22.72|1.82|24.54|12.00|2.27|18.18|2.27|2.27|12.00|
2451443|4936|15097|2979370|1582702|5834|5386757|2979370|1582702|5834|5386757|58|18|177|4|25.16|2.01|27.17|12.00|2.52|20.13|2.52|2.52|12.00|
2451365|37793|17710|11160344|1286510|5479|1675116|11160344|1286510|5479|1675116|22|23|177|9|44.54|3.56|48.10|12.00|4.45|35.63|4.45|4.45|12.00|
2451168|49920|15100|10673870|311668|3231|3825083|10673870|311668|3231|3825083|16|10|178|7|27.44|2.20|29.64|12.00|2.74|21.95|2.74|2.74|12.00|
2451045|6794|13230|1266595|740990|699|1320024|1266595|740990|699|1320024|42|11|178|2|33.11|2.65|35.76|12.00|3.31|26.49|3.31|3.31|12.00|
2451277|69222|17015|11730636|1022290|6143|5753728|11730636|1022290|6143|5753728|46|7|179|5|91.07|7.29|98.36|12.00|9.11|72.86|9.11|9.11|12.00|
2451328|39447|16317|2763052|870116|6714|4411928|2763052|870116|6714|4411928|56|21|179|7|49.22|3.94|53.16|12.00|4.92|39.38|4.92|4.92|12.00|
2451032|43098|15206|207970|1771609|6403|3037109|207970|1771609|6403|3037109|45|32|180|6|16.50|1.32|17.82|12.00|1.65|13.20|1.65|1.65|12.00|
2451085|18446|15613|2344362|1111168|3728|3742493|2344362|1111168|3728|3742493|25|10|180|1|27.89|2.23|30.12|12.00|2.79|22.31|2.79|2.79|12.00|
2451454|47458|16855|7982746|79915|6394|215621|7982746|79915|6394|215621|38|2|181|6|94.81|7.58|102.39|12.00|9.48|75.85|9.48|9.48|12.00|
2451070|55415|1408|10523384|790146|1322|4658273|10523384|790146|1322|4658273|57|25|181|10|49.42|3.95|53.37|12.00|4.94|39.54|4.94|4.94|12.00|
2451110|17585|8182|8848066|899455|1473|1802768|8848066|899455|1473|1802768|15|25|182|5|27.95|2.24|30.19|12.00|2.79|22.36|2.79|2.79|12.00|
2451046|41289|17801|4361584|181487|1582|2952315|4361584|181487|1582|2952315|54|28|182|1|2.80|0.22|3.02|12.00|0.28|2.24|0.28|0.28|12.00|
2450986|55578|11913|6471955|614424|7193|874786|6471955|614424|7193|874786|40|35|183|4|24.30|1.94|26.24|12.00|2.43|19.44|2.43|2.43|12.00|
2451270|21828|8702|5575565|217832|3099|2152309|5575565|217832|3099|2152309|48|8|183|10|6.84|0.55|7.39|12.00|0.68|5.47|0.68|0.68|12.00|
2450833|32436|409|721913|1485719|3260|4705805|721913|1485719|3260|4705805|38|7|184|3|16.97|1.36|18.33|12.00|1.70|13.58|1.70|1.70|12.00|
2450997|21585|13473|11734289|907027|4443|5325085|11734289|907027|4443|5325085|48|6|184|3|9.95|0.80|10.75|12.00|0.99|7.96|0.99|0.99|12.00|
2451506|63706|15029|635287|23370|5254|4469962|635287|23370|5254|4469962|49|28|185|6|54.06|4.32|58.38|12.00|5.41|43.25|5.41|5.41|12.00|
2451463|47551|3915|2049687|941920|1516|3466127|2049687|941920|1516|3466127|15|20|185|10|97.11|7.77|104.88|12.00|9.71|77.69|9.71|9.71|12.00|
2451299|33318|6762|11087039|685787|3187|691138|11087039|685787|3187|691138|33|10|186|5|54.50|4.36|58.86|12.00|5.45|43.60|5.45|5.45|12.00|
2450872|74309|1174|10523187|1581870|5270|5754786|10523187|1581870|5270|5754786|55|24|186|4|83.76|6.70|90.46|12.00|8.38|67.01|8.38|8.38|12.00|
2451337|82832|7195|11895369|195779|747|5503382|11895369|195779|747|5503382|47|13|187|5|53.71|4.30|58.01|12.00|5.37|42.97|5.37|5.37|12.00|
2451154|46476|8225|9448396|415124|6210|1670506|9448396|415124|6210|1670506|14|14|187|3|3.81|0.30|4.11|12.00|0.38|3.05|0.38|0.38|12.00|
2451071|46824|11346|5934797|303230|2285|4863732|5934797|303230|2285|4863732|32|4|188|3|8.10|0.65|8.75|12.00|0.81|6.48|0.81|0.81|12.00|
2450962|25662|2744|9965779|633074|5436|2576309|9965779|633074|5436|2576309|49|28|188|6|95.76|7.66|103.42|12.00|9.58|76.61|9.58|9.58|12.00|
2451371|67852|1727|1990304|1771367|4558|3231781|1990304|1771367|4558|3231781|38|31|189|8|10.40|0.83|11.23|12.00|1.04|8.32|1.04|1.04|12.00|
2451205|31930|1483|6521251|1436071|2337|4238848|6521251|1436071|2337|4238848|47|14|189|8|50.36|4.03|54.39|12.00|5.04|40.29|5.04|5.04|12.00|
2451516|60664|14672|3056548|831073|3924|5672443|3056548|831073|3924|5672443|17|1|190|3|15.96|1.28|17.24|12.00|1.60|12.77|1.60|1.60|12.00|
2451039|55815|13226|5385236|485337|3685|4041738|5385236|485337|3685|4041738|31|14|190|8|23.72|1.90|25.62|12.00|2.37|18.98|2.37|2.37|12.00|
2450912|79016|10744|11427452|832893|5445|3510053|11427452|832893|5445|3510053|30|4|191|1|25.47|2.04|27.51|12.00|2.55|20.38|2.55|2.55|12.00|
2450867|16825|9793|43363|1384339|802|4432858|43363|1384339|802|4432858|24|16|191|10|44.21|3.54|47.75|12.00|4.42|35.37|4.42|4.42|12.00|
2451475|27537|13693|10093666|1713154|196|2546647|10093666|1713154|196|2546647|26|12|192|5|31.64|2.53|34.17|12.00|3.16|25.31|3.16|3.16|12.00|
2450929|44596|16638|8142729|1514196|2085|4884388|8142729|1514196|2085|4884388|10|15|192|2|22.17|1.77|23.94|12.00|2.22|17.74|2.22|2.22|12.00|
2451054|15114|15341|2256128|488116|2426|5856605|2256128|488116|2426|5856605|53|16|193|2|96.47|7.72|104.19|12.00|9.65|77.18|9.65|9.65|12.00|
2451453|66187|2539|4101889|929755|1010|798662|4101889|929755|1010|798662|37|27|193|8|43.34|3.47|46.81|12.00|4.33|34.67|4.33|4.33|12.00|
2451323|35230|12683|8134819|1177588|3182|3056776|8134819|1177588|3182|3056776|59|34|194|8|35.55|2.84|38.39|12.00|3.55|28.44|3.55|3.55|12.00|
2451206|80231|10793|6762768|593605|699|5047280|6762768|593605|699|5047280|47|1|194|5|98.52|7.88|106.40|12.00|9.85|78.82|9.85|9.85|12.00|
2450976|2828|3562|7302346|1147646|855|455755|7302346|1147646|855|455755|36|1|195|5|23.65|1.89|25.54|12.00|2.36|18.92|2.36|2.36|12.00|
2450977|76579|12805|3562213|725757|732|5351467|3562213|725757|732|5351467|49|9|195|8|0.45|0.04|0.49|12.00|0.05|0.36|0.05|0.05|12.00|
2450944|27569|12576|2607807|1847716|5923|785386|2607807|1847716|5923|785386|35|35|196|5|34.61|2.77|37.38|12.00|3.46|27.69|3.46|3.46|12.00|
2450974|23114|14078|11426919|1596093|1562|1545811|11426919|1596093|1562|1545811|9|15|196|3|99.84|7.99|107.83|12.00|9.98|79.87|9.98|9.98|12.00|
2451423|11942|17129|174601|958234|3896|5593425|174601|958234|3896|5593425|10|24|197|1|52.64|4.21|56.85|12.00|5.26|42.11|5.26|5.26|12.00|
2451464|46740|8916|944884|217910|6035|3387930|944884|217910|6035|3387930|1|27|197|1|73.21|5.86|79.07|12.00|7.32|58.57|7.32|7.32|12.00|
2451388|78105|11885|1367433|1667405|687|2182875|1367433|1667405|687|2182875|58|6|198|1|36.32|2.91|39.23|12.00|3.63|29.06|3.63|3.63|12.00|
2451287|13803|1886|11059595|1036501|2273|484588|11059595|1036501|2273|484588|43|14|198|9|25.57|2.05|27.62|12.00|2.56|20.46|2.56|2.56|12.00|
2451128|3161|1802|1618536|1838879|3623|5934026|1618536|1838879|3623|5934026|35|35|199|1|61.40|4.91|66.31|12.00|6.14|49.12|6.14|6.14|12.00|
2451194|34676|5846|8062827|706018|2663|3889610|8062827|706018|2663|3889610|58|30|199|1|63.07|5.05|68.12|12.00|6.31|50.46|6.31|6.31|12.00|
2450925|62061|4165|1645758|1731116|6603|5025760|1645758|1731116|6603|5025760|59|34|200|4|80.06|6.40|86.46|12.00|8.01|64.05|8.01|8.01|12.00|
2451252|65925|2353|4272767|387298|3742|2341913|4272767|387298|3742|2341913|26|10|200|10|39.62|3.17|42.79|12.00|3.96|31.70|3.96|3.96|12.00|
2451051|20937|12647|5363284|1257131|1945|173028|5363284|1257131|1945|173028|56|16|201|3|76.08|6.09|82.17|12.00|7.61|60.86|7.61|7.61|12.00|
2451340|5111|13833|11228828|1784456|5890|4561126|11228828|1784456|5890|4561126|29|19|201|7|80.08|6.41|86.49|12.00|8.01|64.06|8.01|8.01|12.00|
2450934|41642|5683|11102781|370487|3313|5090347|11102781|370487|3313|5090347|42|6|202|9|95.40|7.63|103.03|12.00|9.54|76.32|9.54|9.54|12.00|
2450890|46365|5436|10942799|1001133|4342|2434340|10942799|1001133|4342|2434340|19|28|202|9|76.42|6.11|82.53|12.00|7.64|61.14|7.64|7.64|12.00|
2450850|8206|4824|10776107|349627|5059|4520378|10776107|349627|5059|4520378|28|8|203|7|25.22|2.02|27.24|12.00|2.52|20.18|2.52|2.52|12.00|
2451080|36193|17854|9224092|1737478|1505|123841|9224092|1737478|1505|123841|35|17|203|10|96.58|7.73|104.31|12.00|9.66|77.26|9.66|9.66|12.00|
2451367|80610|7994|10888261|1135619|1175|1145262|10888261|1135619|1175|1145262|51|34|204|5|16.65|1.33|17.98|12.00|1.67|13.32|1.67|1.67|12.00|
2450983|47634|14891|10453245|1903168|4667|4276533|10453245|1903168|4667|4276533|2|22|204|1|66.82|5.35|72.17|12.00|6.68|53.46|6.68|6.68|12.00|
2451520|55590|1190|11963746|1859131|392|1919331|11963746|1859131|392|1919331|58|30|205|4|53.22|4.26|57.48|12.00|5.32|42.58|5.32|5.32|12.00|
2451312|76181|15588|11789878|1492074|3881|2865762|11789878|1492074|3881|2865762|34|23|205|8|90.23|7.22|97.45|12.00|9.02|72.18|9.02|9.02|12.00|
2450920|40647|950|5719039|880577|211|1146721|5719039|880577|211|1146721|48|33|206|2|77.32|6.19|83.51|12.00|7.73|61.86|7.73|7.73|12.00|
2450989|65729|14439|7371156|1853343|3755|502790|7371156|1853343|3755|502790|12|8|206|6|28.62|2.29|30.91|12.00|2.86|22.90|2.86|2.86|12.00|
2451372|50226|6210|2858099|1594348|5559|3630513|2858099|1594348|5559|3630513|51|10|207|6|61.75|4.94|66.69|12.00|6.18|49.40|6.18|6.18|12.00|
2451523|41667|2345|415953|749760|526|30234|415953|749760|526|30234|60|15|207|9|37.93|3.03|40.96|12.00|3.79|30.34|3.79|3.79|12.00|
2450995|18263|2117|4226731|151832|1823|2047257|4226731|151832|1823|2047257|8|35|208|5|88.11|7.05|95.16|12.00|8.81|70.49|8.81|8.81|12.00|
2451181|42147|13937|1865734|307041|2653|4532991|1865734|307041|2653|4532991|31|28|208|7|85.47|6.84|92.31|12.00|8.55|68.38|8.55|8.55|12.00|
2451308|46399|6889|11315729|1330019|6884|4452868|11315729|1330019|6884|4452868|57|28|209|6|47.21|3.78|50.99|12.00|4.72|37.77|4.72|4.72|12.00|
2451125|2294|15950|1958634|533607|295|864564|1958634|533607|295|864564|16|24|209|6|98.35|7.87|106.22|12.00|9.84|78.68|9.84|9.84|12.00|
2451026|59278|10452|3328477|1294083|3717|3477831|3328477|1294083|3717|3477831|32|29|210|9|70.22|5.62|75.84|12.00|7.02|56.18|7.02|7.02|12.00|
2450891|14865|4877|3159817|355139|1913|4618836|3159817|355139|1913|4618836|24|29|210|1|49.85|3.99|53.84|12.00|4.99|39.88|4.99|4.99|12.00|
2451426|61577|11737|10622501|1446490|4907|5230133|10622501|1446490|4907|5230133|40|3|211|10|93.61|7.49|101.10|12.00|9.36|74.89|9.36|9.36|12.00|
2451187|66771|1516|11356860|1622034|3868|1863958|11356860|1622034|3868|1863958|12|33|211|8|49.77|3.98|53.75|12.00|4.98|39.82|4.98|4.98|12.00|
2450884|28924|13852|5095448|1142283|1106|673651|5095448|1142283|1106|673651|13|24|212|9|4.84|0.39|5.23|12.00|0.48|3.87|0.48|0.48|12.00|
2450934|77504|15137|1736261|181541|7086|2059020|1736261|181541|7086|2059020|57|31|212|5|53.90|4.31|58.21|12.00|5.39|43.12|5.39|5.39|12.00|
2451163|74124|546|10253694|446627|7013|3434309|10253694|446627|7013|3434309|6|24|213|3|95.71|7.66|103.37|12.00|9.57|76.57|9.57|9.57|12.00|
2451311|61746|8335|7388864|1822142|2155|3761360|7388864|1822142|2155|3761360|10|11|213|7|72.02|5.76|77.78|12.00|7.20|57.62|7.20|7.20|12.00|
2451062|7877|1302|6882151|1021499|347|5229639|6882151|1021499|347|5229639|27|11|214|3|56.35|4.51|60.86|12.00|5.64|45.08|5.64|5.64|12.00|
2451363|10357|6091|9568546|913493|711|1137585|9568546|913493|711|1137585|5|10|214|1|19.59|1.57|21.16|12.00|1.96|15.67|1.96|1.96|12.00|
2450835|11370|8513|8424770|1457764|2426|1268477|8424770|1457764|2426|1268477|40|19|215|8|53.96|4.32|58.28|12.00|5.40|43.17|5.40|5.40|12.00|
2451021|60487|5883|4633483|1407275|4776|2995329|4633483|1407275|4776|2995329|42|34|215|7|40.47|3.24|43.71|12.00|4.05|32.38|4.05|4.05|12.00|
2451131|15653|554|3735520|753384|2694|5555810|3735520|753384|2694|5555810|38|27|216|10|19.47|1.56|21.03|12.00|1.95|15.58|1.95|1.95|12.00|
2451156|74588|16164|3501379|320540|807|4704795|3501379|320540|807|4704795|14|16|216|7|15.09|1.21|16.30|12.00|1.51|12.07|1.51|1.51|12.00|
2451303|44285|11848|5093749|1033967|4584|841345|5093749|1033967|4584|841345|50|15|217|2|58.80|4.70|63.50|12.00|5.88|47.04|5.88|5.88|12.00|
2451184|3533|4361|2591008|1843602|6865|2175165|2591008|1843602|6865|2175165|59|15|217|4|78.34|6.27|84.61|12.00|7.83|62.67|7.83|7.83|12.00|
2450877|63873|15839|2344849|938587|5601|5836612|2344849|938587|5601|5836612|55|31|218|6|38.15|3.05|41.20|12.00|3.81|30.52|3.81|3.81|12.00|
2451514|61811|7664|2822428|927417|6379|1910003|2822428|927417|6379|1910003|36|8|218|3|10.44|0.84|11.28|12.00|1.04|8.35|1.04|1.04|12.00|
2451305|6903|2366|1645733|1147735|1786|2473973|1645733|1147735|1786|2473973|37|11|219|3|0.67|0.05|0.72|12.00|0.07|0.54|0.07|0.07|12.00|
2450817|78920|6300|3227496|1588957|2969|378934|3227496|1588957|2969|378934|54|30|219|6|23.65|1.89|25.54|12.00|2.36|18.92|2.36|2.36|12.00|
2450987|1517|3586|9619075|611272|4981|4481271|9619075|611272|4981|4481271|5|3|220|2|85.14|6.81|91.95|12.00|8.51|68.11|8.51|8.51|12.00|
2451343|51747|17531|7689|78549|4327|917406|7689|78549|4327|917406|50|22|220|9|34.78|2.78|37.56|12.00|3.48|27.82|3.48|3.48|12.00|
2451513|2581|1871|11034440|414729|1931|49637|11034440|414729|1931|49637|18|14|221|10|96.82|7.75|104.57|12.00|9.68|77.46|9.68|9.68|12.00|
2450924|17263|2657|3090115|1071150|4935|5287845|3090115|1071150|4935|5287845|17|25|221|9|67.94|5.44|73.38|12.00|6.79|54.35|6.79|6.79|12.00|
2450974|70188|13049|2156879|1124157|6595|4520741|2156879|1124157|6595|4520741|15|20|222|8|4.76|0.38|5.14|12.00|0.48|3.81|0.48|0.48|12.00|
2450944|19928|15825|9894897|1410145|7089|1159186|9894897|1410145|7089|1159186|56|9|222|3|6.90|0.55|7.45|12.00|0.69|5.52|0.69|0.69|12.00|
2451458|38581|14903|2068444|290041|6456|5880927|2068444|290041|6456|5880927|55|35|223|10|40.65|3.25|43.90|12.00|4.07|32.52|4.07|4.07|12.00|
2451052|69297|5130|6462429|1772708|1686|4233334|6462429|1772708|1686|4233334|55|23|223|8|74.96|6.00|80.96|12.00|7.50|59.97|7.50|7.50|12.00|
2451078|69472|14225|7162534|979987|3710|3201942|7162534|979987|3710|3201942|29|34|224|10|68.46|5.48|73.94|12.00|6.85|54.77|6.85|6.85|12.00|
2450929|58984|10242|8723001|1759131|4325|1956729|8723001|1759131|4325|1956729|45|5|224|10|82.13|6.57|88.70|12.00|8.21|65.70|8.21|8.21|12.00|
2451095|23477|17669|11005027|1687935|6961|3473382|11005027|1687935|6961|3473382|22|3|225|9|89.16|7.13|96.29|12.00|8.92|71.33|8.92|8.92|12.00|
2451073|25015|14762|6867870|1142546|6390|923045|6867870|1142546|6390|923045|21|9|225|4|57.59|4.61|62.20|12.00|5.76|46.07|5.76|5.76|12.00|
2450910|77248|13533|313911|773198|517|3515599|313911|773198|517|3515599|41|26|226|1|29.78|2.38|32.16|12.00|2.98|23.82|2.98|2.98|12.00|
2451308|29508|1551|11787861|1498593|3414|4844825|11787861|1498593|3414|4844825|28|22|226|5|25.48|2.04|27.52|12.00|2.55|20.38|2.55|2.55|12.00|
2451146|25037|1243|4388987|1069783|4703|181644|4388987|1069783|4703|181644|5|30|227|10|83.46|6.68|90.14|12.00|8.35|66.77|8.35|8.35|12.00|
2450929|58629|14193|10034088|775393|2698|5440065|10034088|775393|2698|5440065|3|19|227|5|93.37|7.47|100.84|12.00|9.34|74.70|9.34|9.34|12.00|
2451131|67089|9462|11737454|1249281|2908|1509904|11737454|1249281|2908|1509904|20|22|228|3|95.95|7.68|103.63|12.00|9.60|76.76|9.60|9.60|12.00|
2451171|79081|7120|4670384|78456|6581|639498|4670384|78456|6581|639498|27|12|228|7|81.61|6.53|88.14|12.00|8.16|65.29|8.16|8.16|12.00|
2451194|21786|14805|11384318|1627428|4101|410654|11384318|1627428|4101|410654|29|30|229|8|56.54|4.52|61.06|12.00|5.65|45.23|5.65|5.65|12.00|
2451290|22957|986|3768627|1155827|4990|3580369|3768627|1155827|4990|3580369|6|14|229|1|24.91|1.99|26.90|12.00|2.49|19.93|2.49|2.49|12.00|
2451506|32148|506|9989583|245752|4918|1921650|9989583|245752|4918|1921650|57|19|230|1|3.78|0.30|4.08|12.00|0.38|3.02|0.38|0.38|12.00|
2450833|32890|4014|6306607|1469035|642|5059988|6306607|1469035|642|5059988|4|9|230|8|35.10|2.81|37.91|12.00|3.51|28.08|3.51|3.51|12.00|
2451498|78901|15451|10984524|47456|2420|4746415|10984524|47456|2420|4746415|30|25|231|7|16.39|1.31|17.70|12.00|1.64|13.11|1.64|1.64|12.00|
2451311|6990|16456|2773149|296318|6689|5042492|2773149|296318|6689|5042492|59|16|231|4|79.00|6.32|85.32|12.00|7.90|63.20|7.90|7.90|12.00|
2451381|81913|874|10879403|1122624|5259|691543|10879403|1122624|5259|691543|54|26|232|5|19.91|1.59|21.50|12.00|1.99|15.93|1.99|1.99|12.00|
2451252|10557|378|7262971|255212|3710|5065615|7262971|255212|3710|5065615|35|17|232|7|74.87|5.99|80.86|12.00|7.49|59.90|7.49|7.49|12.00|
2450881|25811|17448|4299709|500945|5019|4482243|4299709|500945|5019|4482243|31|32|233|3|98.56|7.88|106.44|12.00|9.86|78.85|9.86|9.86|12.00|
2451536|18263|7516|680979|1636138|3637|3615738|680979|1636138|3637|3615738|43|31|233|6|7.73|0.62|8.35|12.00|0.77|6.18|0.77|0.77|12.00|
2450993|67846|8394|2027017|1280684|6885|3356344|2027017|1280684|6885|3356344|46|20|234|3|58.22|4.66|62.88|12.00|5.82|46.58|5.82|5.82|12.00|
2451350|60492|10465|9652022|1837750|1865|5435415|9652022|1837750|1865|5435415|58|9|234|10|1.08|0.09|1.17|12.00|0.11|0.86|0.11|0.11|12.00|
2451096|60272|6842|4937557|508331|1769|1530441|4937557|508331|1769|1530441|9|2|235|3|80.08|6.41|86.49|12.00|8.01|64.06|8.01|8.01|12.00|
2450826|30989|17283|421071|1336244|86|1628236|421071|1336244|86|1628236|55|30|235|4|77.87|6.23|84.10|12.00|7.79|62.30|7.79|7.79|12.00|
2451111|22039|13954|10712185|301623|6088|3679340|10712185|301623|6088|3679340|22|22|236|5|57.54|4.60|62.14|12.00|5.75|46.03|5.75|5.75|12.00|
2450939|34680|15730|4742462|1824831|2930|2192008|4742462|1824831|2930|2192008|13|31|236|3|0.41|0.03|0.44|12.00|0.04|0.33|0.04|0.04|12.00|
2451543|34473|10511|4629019|1668278|1899|1505868|4629019|1668278|1899|1505868|17|2|237|7|22.60|1.81|24.41|12.00|2.26|18.08|2.26|2.26|12.00|
2450829|2461|608|1134591|657034|6058|4191755|1134591|657034|6058|4191755|57|14|237|2|33.55|2.68|36.23|12.00|3.35|26.84|3.35|3.35|12.00|
2450868|20443|681|7192455|74722|6477|4864289|7192455|74722|6477|4864289|48|25|238|1|36.18|2.89|39.07|12.00|3.62|28.94|3.62|3.62|12.00|
2451100|17695|11069|1538446|38888|4342|2233433|1538446|38888|4342|2233433|40|2|238|2|59.26|4.74|64.00|12.00|5.93|47.41|5.93|5.93|12.00|
2451528|50421|16636|1068585|216292|4400|4978448|1068585|216292|4400|4978448|12|18|239|5|56.86|4.55|61.41|12.00|5.69|45.49|5.69|5.69|12.00|
2451335|26315|12564|9264380|5096|1864|3189005|9264380|5096|1864|3189005|8|25|239|6|51.72|4.14|55.86|12.00|5.17|41.38|5.17|5.17|12.00|
2451097|32572|16434|4050155|1060353|6584|5896650|4050155|1060353|6584|5896650|42|2|240|2|21.61|1.73|23.34|12.00|2.16|17.29|2.16|2.16|12.00|
2451023|65243|1701|691433|171601|3674|1168491|691433|171601|3674|1168491|47|2|240|3|95.69|7.66|103.35|12.00|9.57|76.55|9.57|9.57|12.00|
2450970|3506|7473|2842727|1136984|3|4723469|2842727|1136984|3|4723469|13|12|241|9|40.84|3.27|44.11|12.00|4.08|32.67|4.08|4.08|12.00|
2451268|23920|8586|4802731|75556|5700|5303286|4802731|75556|5700|5303286|17|11|241|3|72.55|5.80|78.35|12.00|7.25|58.04|7.25|7.25|12.00|
2451306|52614|17116|3690100|696859|3652|2622472|3690100|696859|3652|2622472|41|28|242|5|61.74|4.94|66.68|12.00|6.17|49.39|6.17|6.17|12.00|
2451353|62342|11892|11284641|1367763|2319|1634738|11284641|1367763|2319|1634738|17|12|242|9|69.91|5.59|75.50|12.00|6.99|55.93|6.99|6.99|12.00|
2451289|66355|3181|6714281|1066670|1779|3982621|6714281|1066670|1779|3982621|16|26|243|7|39.06|3.12|42.18|12.00|3.91|31.25|3.91|3.91|12.00|
2450894|36922|12881|7439226|150521|6729|2685821|7439226|150521|6729|2685821|22|17|243|5|77.09|6.17|83.26|12.00|7.71|61.67|7.71|7.71|12.00|
2451183|31047|8249|11258430|1162608|2478|1969021|11258430|1162608|2478|1969021|51|1|244|9|53.11|4.25|57.36|12.00|5.31|42.49|5.31|5.31|12.00|
2451238|77312|5454|4192296|748590|6583|729617|4192296|748590|6583|729617|59|11|244|6|76.39|6.11|82.50|12.00|7.64|61.11|7.64|7.64|12.00|
2450956|53602|2741|10305996|1555528|1322|496198|10305996|1555528|1322|496198|52|4|245|4|71.28|5.70|76.98|12.00|7.13|57.02|7.13|7.13|12.00|
2450968|39942|4697|5279645|735633|6492|4100931|5279645|735633|6492|4100931|14|13|245|5|42.23|3.38|45.61|12.00|4.22|33.78|4.22|4.22|12.00|
2451387|51146|5307|6646600|642154|4750|956572|6646600|642154|4750|956572|57|1|246|6|83.36|6.67|90.03|12.00|8.34|66.69|8.34|8.34|12.00|
2450944|30460|13766|6445788|490662|5138|1856519|6445788|490662|5138|1856519|20|26|246|3|81.65|6.53|88.18|12.00|8.17|65.32|8.17|8.17|12.00|
2450983|51240|11503|8382737|1296466|3386|2565546|8382737|1296466|3386|2565546|28|35|247|6|2.46|0.20|2.66|12.00|0.25|1.97|0.25|0.25|12.00|
2451054|65474|10404|9270039|837626|6596|2056500|9270039|837626|6596|2056500|33|11|247|5|31.21|2.50|33.71|12.00|3.12|24.97|3.12|3.12|12.00|
2451481|32737|4761|8108986|722566|843|4620975|8108986|722566|843|4620975|50|11|248|6|30.08|2.41|32.49|12.00|3.01|24.06|3.01|3.01|12.00|
2451437|28062|842|2497822|1724010|4242|5584368|2497822|1724010|4242|5584368|45|24|248|1|46.41|3.71|50.12|12.00|4.64|37.13|4.64|4.64|12.00|
2451056|50944|2301|9368193|1264616|6479|1069616|9368193|1264616|6479|1069616|57|29|249|4|82.74|6.62|89.36|12.00|8.27|66.19|8.27|8.27|12.00|
2450977|18565|2909|2981239|1769317|5595|4184485|2981239|1769317|5595|4184485|2|2|249|10|83.28|6.66|89.94|12.00|8.33|66.62|8.33|8.33|12.00|
2451230|64666|12123|5447586|1909180|2813|4492844|5447586|1909180|2813|4492844|40|32|250|8|3.72|0.30|4.02|12.00|0.37|2.98|0.37|0.37|12.00|
2451219|28697|7495|4180259|612791|532|4062235|4180259|612791|532|4062235|8|11|250|10|17.00|1.36|18.36|12.00|1.70|13.60|1.70|1.70|12.00|
2451045|43311|17544|6056840|544514|588|823819|6056840|544514|588|823819|28|23|251|8|83.21|6.66|89.87|12.00|8.32|66.57|8.32|8.32|12.00|
2450921|37232|11056|10386672|1509025|2797|2285245|10386672|1509025|2797|2285245|17|34|251|1|74.56|5.96|80.52|12.00|7.46|59.65|7.46|7.46|12.00|
2451308|30777|11341|4361649|736846|4520|3481|4361649|736846|4520|3481|21|13|252|9|48.33|3.87|52.20|12.00|4.83|38.66|4.83|4.83|12.00|
2451248|2367|1492|6565613|1824318|761|4762292|6565613|1824318|761|4762292|14|29|252|9|25.15|2.01|27.16|12.00|2.52|20.12|2.52|2.52|12.00|
2450976|23500|4509|8486641|1567252|4336|1912803|8486641|1567252|4336|1912803|23|2|253|5|14.56|1.16|15.72|12.00|1.46|11.65|1.46|1.46|12.00|
2451513|28086|15921|7354051|1527753|4263|2847120|7354051|1527753|4263|2847120|5|14|253|4|96.62|7.73|104.35|12.00|9.66|77.30|9.66|9.66|12.00|
2451282|14909|12391|2956009|863637|5797|3245790|2956009|863637|5797|3245790|9|7|254|9|66.27|5.30|71.57|12.00|6.63|53.02|6.63|6.63|12.00|
2450925|46599|17681|7284242|327666|6920|4778211|7284242|327666|6920|4778211|30|4|254|3|94.63|7.57|102.20|12.00|9.46|75.70|9.46|9.46|12.00|
2451318|76138|7158|6970900|601283|5097|4920200|6970900|601283|5097|4920200|39|18|255|6|58.64|4.69|63.33|12.00|5.86|46.91|5.86|5.86|12.00|
2451212|82418|575|7055620|592482|929|5939224|7055620|592482|929|5939224|7|31|255|9|72.34|5.79|78.13|12.00|7.23|57.87|7.23|7.23|12.00|
2450899|42021|1316|6743762|829293|1025|4432609|6743762|829293|1025|4432609|37|29|256|6|91.26|7.30|98.56|12.00|9.13|73.01|9.13|9.13|12.00|
2450853|66991|17707|2853864|1801777|1828|2679675|2853864|1801777|1828|2679675|42|5|256|2|98.98|7.92|106.90|12.00|9.90|79.18|9.90|9.90|12.00|
2451288|56702|13695|4671492|191003|1817|2942715|4671492|191003|1817|2942715|38|33|257|7|77.81|6.22|84.03|12.00|7.78|62.25|7.78|7.78|12.00|
2450936|45286|5018|7106622|763856|3586|91955|7106622|763856|3586|91955|33|20|257|2|60.68|4.85|65.53|12.00|6.07|48.54|6.07|6.07|12.00|
2451293|16422|7451|10950135|1240544|6193|3313902|10950135|1240544|6193|3313902|8|9|258|7|16.91|1.35|18.26|12.00|1.69|13.53|1.69|1.69|12.00|
2451182|65310|1626|3460804|1522775|4453|5172631|3460804|1522775|4453|5172631|55|11|258|8|92.97|7.44|100.41|12.00|9.30|74.38|9.30|9.30|12.00|
2450857|21379|11689|6312481|856526|5188|2454113|6312481|856526|5188|2454113|34|13|259|7|1.21|0.10|1.31|12.00|0.12|0.97|0.12|0.12|12.00|
2451342|81037|3081|10921299|1831171|5563|5201219|10921299|1831171|5563|5201219|46|24|259|3|15.24|1.22|16.46|12.00|1.52|12.19|1.52|1.52|12.00|
2451104|19229|10732|1238754|418077|1375|2224442|1238754|418077|1375|2224442|37|17|260|10|1.33|0.11|1.44|12.00|0.13|1.06|0.13|0.13|12.00|
2451245|62072|4691|6519006|485174|2490|1242891|6519006|485174|2490|1242891|7|28|260|5|76.06|6.08|82.14|12.00|7.61|60.85|7.61|7.61|12.00|
2451462|50877|11882|9017705|305836|4516|4875033|9017705|305836|4516|4875033|27|7|261|3|12.51|1.00|13.51|12.00|1.25|10.01|1.25|1.25|12.00|
2451502|38565|7003|10778678|1041161|2666|1412523|10778678|1041161|2666|1412523|51|29|261|7|17.49|1.40|18.89|12.00|1.75|13.99|1.75|1.75|12.00|
2451387|2661|2041|1458088|411350|4384|5164303|1458088|411350|4384|5164303|7|5|262|5|24.07|1.93|26.00|12.00|2.41|19.26|2.41|2.41|12.00|
2451219|69646|8022|5499437|1055237|6249|5912424|5499437|1055237|6249|5912424|59|25|262|5|67.73|5.42|73.15|12.00|6.77|54.18|6.77|6.77|12.00|
2451402|31419|12822|7447521|901918|7011|1349589|7447521|901918|7011|1349589|27|27|263|6|65.37|5.23|70.60|12.00|6.54|52.30|6.54|6.54|12.00|
2451075|42979|1560|8991780|362172|5032|2007587|8991780|362172|5032|2007587|26|16|263|7|92.71|7.42|100.13|12.00|9.27|74.17|9.27|9.27|12.00|
2451265|8378|1238|5953478|425375|6490|5450812|5953478|425375|6490|5450812|20|16|264|6|36.43|2.91|39.34|12.00|3.64|29.14|3.64|3.64|12.00|
2451099|48842|8083|5544594|1844344|2912|254931|5544594|1844344|2912|254931|29|31|264|9|11.44|0.92|12.36|12.00|1.14|9.15|1.14|1.14|12.00|
2451404|74273|11454|843574|1779300|1437|3207378|843574|1779300|1437|3207378|39|13|265|7|61.51|4.92|66.43|12.00|6.15|49.21|6.15|6.15|12.00|
2451257|31196|1774|8689132|1125435|4949|3406889|8689132|1125435|4949|3406889|52|6|265|6|94.32|7.55|101.87|12.00|9.43|75.46|9.43|9.43|12.00|
2450858|63269|15908|5590311|936140|5382|3847723|5590311|936140|5382|3847723|35|10|266|9|51.72|4.14|55.86|12.00|5.17|41.38|5.17|5.17|12.00|
2451168|47486|14820|10306971|1706026|2686|557476|10306971|1706026|2686|557476|18|23|266|4|18.57|1.49|20.06|12.00|1.86|14.86|1.86|1.86|12.00|
2451120|11927|2196|2476788|685175|4850|5363666|2476788|685175|4850|5363666|16|8|267|3|76.88|6.15|83.03|12.00|7.69|61.50|7.69|7.69|12.00|
2451409|23672|15196|1041221|1726985|2713|3982960|1041221|1726985|2713|3982960|31|9|267|1|19.75|1.58|21.33|12.00|1.98|15.80|1.98|1.98|12.00|
2451334|62181|9842|6016124|575725|4611|652611|6016124|575725|4611|652611|55|10|268|10|90.77|7.26|98.03|12.00|9.08|72.62|9.08|9.08|12.00|
2451253|44883|13187|390932|36082|6384|4049742|390932|36082|6384|4049742|39|35|268|10|61.13|4.89|66.02|12.00|6.11|48.90|6.11|6.11|12.00|
2451240|75548|17350|6398101|55813|1873|3440273|6398101|55813|1873|3440273|21|20|269|9|59.47|4.76|64.23|12.00|5.95|47.58|5.95|5.95|12.00|
2450884|82699|13153|7295583|879831|3909|3418467|7295583|879831|3909|3418467|60|3|269|4|49.14|3.93|53.07|12.00|4.91|39.31|4.91|4.91|12.00|
2451300|37596|11363|9291880|1628198|105|2923645|9291880|1628198|105|2923645|50|12|270|6|52.29|4.18|56.47|12.00|5.23|41.83|5.23|5.23|12.00|
2451257|77125|278|6262148|857034|529|4984785|6262148|857034|529|4984785|36|12|270|2|16.53|1.32|17.85|12.00|1.65|13.22|1.65|1.65|12.00|
2451187|51462|8864|5182176|1266264|6360|2274071|5182176|1266264|6360|2274071|49|29|271|3|75.80|6.06|81.86|12.00|7.58|60.64|7.58|7.58|12.00|
2450959|54989|12976|7018188|1401914|7024|5755665|7018188|1401914|7024|5755665|14|35|271|8|96.84|7.75|104.59|12.00|9.68|77.47|9.68|9.68|12.00|
2451487|56961|13704|623227|1786224|7162|3255179|623227|1786224|7162|3255179|46|2|272|9|53.65|4.29|57.94|12.00|5.37|42.92|5.37|5.37|12.00|
2451234|43992|15800|8198178|171535|3252|2083064|8198178|171535|3252|2083064|34|24|272|2|18.27|1.46|19.73|12.00|1.83|14.62|1.83|1.83|12.00|
2451472|12534|1877|9642785|1918387|5651|4084036|9642785|1918387|5651|4084036|6|27|273|2|41.44|3.32|44.76|12.00|4.14|33.15|4.14|4.14|12.00|
2451272|14680|237|5914062|149939|1799|758485|5914062|149939|1799|758485|5|29|273|5|97.41|7.79|105.20|12.00|9.74|77.93|9.74|9.74|12.00|
2450914|79013|1611|11087527|117040|3638|723680|11087527|117040|3638|723680|37|21|274|3|32.08|2.57|34.65|12.00|3.21|25.66|3.21|3.21|12.00|
2451121|53452|8988|8345577|103806|2303|4678160|8345577|103806|2303|4678160|50|25|274|4|94.40|7.55|101.95|12.00|9.44|75.52|9.44|9.44|12.00|
2450965|26483|15046|5138123|1432427|4897|369190|5138123|1432427|4897|369190|40|4|275|1|66.01|5.28|71.29|12.00|6.60|52.81|6.60|6.60|12.00|
2450891|12994|6723|11626948|1071901|4932|3262055|11626948|1071901|4932|3262055|49|25|275|9|25.24|2.02|27.26|12.00|2.52|20.19|2.52|2.52|12.00|
2451313|83540|4336|11390247|845229|5799|3915223|11390247|845229|5799|3915223|28|32|276|7|5.21|0.42|5.63|12.00|0.52|4.17|0.52|0.52|12.00|
2450835|58071|13616|4183035|288665|6405|4620832|4183035|288665|6405|4620832|57|4|276|3|22.80|1.82|24.62|12.00|2.28|18.24|2.28|2.28|12.00|
2451044|12468|9257|10917477|1919392|220|3269618|10917477|1919392|220|3269618|46|30|277|1|8.74|0.70|9.44|12.00|0.87|6.99|0.87|0.87|12.00|
2451371|41854|8286|6313656|377052|4184|2144554|6313656|377052|4184|2144554|2|5|277|2|88.89|7.11|96.00|12.00|8.89|71.11|8.89|8.89|12.00|
2451269|52303|7911|333647|1630383|6043|2580937|333647|1630383|6043|2580937|7|33|278|1|22.14|1.77|23.91|12.00|2.21|17.71|2.21|2.21|12.00|
2451434|24411|12140|8165845|1609666|3347|5592009|8165845|1609666|3347|5592009|27|19|278|2|2.51|0.20|2.71|12.00|0.25|2.01|0.25|0.25|12.00|
2450864|27291|15363|6505870|508131|5962|3518452|6505870|508131|5962|3518452|41|33|279|2|39.08|3.13|42.21|12.00|3.91|31.26|3.91|3.91|12.00|
2451013|12643|11219|3738827|310607|2237|884066|3738827|310607|2237|884066|12|21|279|6|43.25|3.46|46.71|12.00|4.33|34.60|4.33|4.33|12.00|
2450902|71653|5488|3249880|1759204|3804|2005183|3249880|1759204|3804|2005183|51|20|280|5|33.25|2.66|35.91|12.00|3.33|26.60|3.33|3.33|12.00|
2451505|68191|3225|7144463|1852271|288|3407328|7144463|1852271|288|3407328|38|3|280|2|86.49|6.92|93.41|12.00|8.65|69.19|8.65|8.65|12.00|
2451007|1188|11330|6882022|826415|4090|3147947|6882022|826415|4090|3147947|55|25|281|1|39.84|3.19|43.03|12.00|3.98|31.87|3.98|3.98|12.00|
2450848|56163|4099|10015534|1162263|2942|570373|10015534|1162263|2942|570373|8|9|281|7|35.30|2.82|38.12|12.00|3.53|28.24|3.53|3.53|12.00|
2450818|62210|12142|328908|353348|3122|3602671|328908|353348|3122|3602671|23|32|282|5|69.67|5.57|75.24|12.00|6.97|55.74|6.97|6.97|12.00|
2451482|40943|7351|9765044|1228402|2670|2754441|9765044|1228402|2670|2754441|4|27|282|2|68.84|5.51|74.35|12.00|6.88|55.07|6.88|6.88|12.00|
2451060|23964|4511|5929699|571312|1696|2010745|5929699|571312|1696|2010745|50|7|283|10|48.72|3.90|52.62|12.00|4.87|38.98|4.87|4.87|12.00|
2451420|28961|10599|4901534|1866938|4550|676411|4901534|1866938|4550|676411|19|7|283|1|37.47|3.00|40.47|12.00|3.75|29.98|3.75|3.75|12.00|
2450986|52514|11161|6182015|736924|1830|1887671|6182015|736924|1830|1887671|17|9|284|5|52.78|4.22|57.00|12.00|5.28|42.22|5.28|5.28|12.00|
2450930|54325|2819|9397464|1475625|7069|717744|9397464|1475625|7069|717744|58|28|284|8|7.52|0.60|8.12|12.00|0.75|6.02|0.75|0.75|12.00|
2451512|46358|11946|4315739|710434|6968|3993739|4315739|710434|6968|3993739|9|23|285|10|76.15|6.09|82.24|12.00|7.62|60.92|7.62|7.62|12.00|
2450973|2453|4866|9250074|1017838|2480|2709833|9250074|1017838|2480|2709833|4|8|285|5|51.95|4.16|56.11|12.00|5.20|41.56|5.20|5.20|12.00|
2451351|23304|8345|60261|1742462|68|526199|60261|1742462|68|526199|7|35|286|5|17.64|1.41|19.05|12.00|1.76|14.11|1.76|1.76|12.00|
2451234|56023|3553|8139770|1837369|6689|284298|8139770|1837369|6689|284298|51|4|286|9|32.62|2.61|35.23|12.00|3.26|26.10|3.26|3.26|12.00|
2451291|46897|9213|10216140|1867193|3560|17076|10216140|1867193|3560|17076|56|17|287|6|78.24|6.26|84.50|12.00|7.82|62.59|7.82|7.82|12.00|
2451084|67246|15038|144479|461073|6993|4140503|144479|461073|6993|4140503|45|11|287|3|57.30|4.58|61.88|12.00|5.73|45.84|5.73|5.73|12.00|
2451409|84633|12601|11095357|1122297|107|618639|11095357|1122297|107|618639|11|5|288|4|27.42|2.19|29.61|12.00|2.74|21.94|2.74|2.74|12.00|
2451195|3404|8855|522276|483505|4285|4038227|522276|483505|4285|4038227|34|19|288|9|12.02|0.96|12.98|12.00|1.20|9.62|1.20|1.20|12.00|
2451486|68637|12611|7372171|1399387|815|281619|7372171|1399387|815|281619|58|6|289|9|38.38|3.07|41.45|12.00|3.84|30.70|3.84|3.84|12.00|
2451169|12378|16155|5288033|412010|853|3416931|5288033|412010|853|3416931|56|30|289|2|83.48|6.68|90.16|12.00|8.35|66.78|8.35|8.35|12.00|
2451148|16415|1566|7715783|1617376|2419|3069384|7715783|1617376|2419|3069384|12|30|290|3|30.19|2.42|32.61|12.00|3.02|24.15|3.02|3.02|12.00|
2451510|52372|7301|577462|786158|1340|4399537|577462|786158|1340|4399537|51|28|290|6|82.99|6.64|89.63|12.00|8.30|66.39|8.30|8.30|12.00|
2451150|69182|13617|11185078|1061569|6319|1919116|11185078|1061569|6319|1919116|56|18|291|4|93.04|7.44|100.48|12.00|9.30|74.43|9.30|9.30|12.00|
2451255|31941|793|9403140|500041|6850|2936429|9403140|500041|6850|2936429|41|18|291|10|0.59|0.05|0.64|12.00|0.06|0.47|0.06|0.06|12.00|
2451252|16069|4262|502279|923349|186|5179864|502279|923349|186|5179864|9|3|292|8|31.06|2.48|33.54|12.00|3.11|24.85|3.11|3.11|12.00|
2451004|18976|3262|7336029|871789|5545|3999871|7336029|871789|5545|3999871|43|35|292|1|19.66|1.57|21.23|12.00|1.97|15.73|1.97|1.97|12.00|
2451507|68614|15983|974684|1405054|3869|3654067|974684|1405054|3869|3654067|23|20|293|3|44.85|3.59|48.44|12.00|4.49|35.88|4.49|4.49|12.00|
2450990|62654|10667|7406559|1669407|1725|5130125|7406559|1669407|1725|5130125|13|22|293|10|8.58|0.69|9.27|12.00|0.86|6.86|0.86|0.86|12.00|
2450983|45106|4567|3276380|1661592|6898|2356867|3276380|1661592|6898|2356867|22|18|294|10|36.37|2.91|39.28|12.00|3.64|29.10|3.64|3.64|12.00|
2450832|7165|5843|166601|1309266|6851|1790252|166601|1309266|6851|1790252|56|24|294|5|61.63|4.93|66.56|12.00|6.16|49.30|6.16|6.16|12.00|
2451170|45532|9127|7965895|637637|4604|4344767|7965895|637637|4604|4344767|34|16|295|8|68.77|5.50|74.27|12.00|6.88|55.02|6.88|6.88|12.00|
2451277|28074|13372|8245829|752986|86|323802|8245829|752986|86|323802|40|25|295|9|14.85|1.19|16.04|12.00|1.49|11.88|1.49|1.49|12.00|
2451515|26162|10358|7667385|261198|4662|1778623|7667385|261198|4662|1778623|46|32|296|10|62.60|5.01|67.61|12.00|6.26|50.08|6.26|6.26|12.00|
2451386|64880|250|10920579|384172|2350|5135972|10920579|384172|2350|5135972|28|8|296|8|26.61|2.13|28.74|12.00|2.66|21.29|2.66|2.66|12.00|
2451505|24563|16054|420969|1363648|4801|3162615|420969|1363648|4801|3162615|57|14|297|9|25.63|2.05|27.68|12.00|2.56|20.50|2.56|2.56|12.00|
2451426|33804|8819|1335764|249102|4969|535981|1335764|249102|4969|535981|56|35|297|10|60.11|4.81|64.92|12.00|6.01|48.09|6.01|6.01|12.00|
2451137|26054|12301|8669558|1175662|3904|3787832|8669558|1175662|3904|3787832|25|26|298|3|64.16|5.13|69.29|12.00|6.42|51.33|6.42|6.42|12.00|
2451263|68314|16806|11422730|174214|4903|3000940|11422730|174214|4903|3000940|57|17|298|9|82.93|6.63|89.56|12.00|8.29|66.34|8.29|8.29|12.00|
2450961|82950|10135|5557678|718473|6931|4384387|5557678|718473|6931|4384387|43|25|299|10|75.44|6.04|81.48|12.00|7.54|60.35|7.54|7.54|12.00|
2451515|35824|9666|11528073|294731|6663|4524388|11528073|294731|6663|4524388|58|16|299|6|71.39|5.71|77.10|12.00|7.14|57.11|7.14|7.14|12.00|
2451543|75396|1872|3620138|1690255|2522|5022930|3620138|1690255|2522|5022930|16|7|300|7|24.68|1.97|26.65|12.00|2.47|19.74|2.47|2.47|12.00|
2450889|11183|6384|9831393|1899267|2056|4343354|9831393|1899267|2056|4343354|45|15|300|8|27.41|2.19|29.60|12.00|2.74|21.93|2.74|2.74|12.00|
2451431|74819|4993|9247317|446816|6728|1720245|9247317|446816|6728|1720245|38|29|301|5|84.61|6.77|91.38|12.00|8.46|67.69|8.46|8.46|12.00|
2451323|56264|6705|7056628|1361630|5096|3889795|7056628|1361630|5096|3889795|9|11|301|2|1.98|0.16|2.14|12.00|0.20|1.58|0.20|0.20|12.00|
2451483|22440|3507|8166658|151519|5932|3123336|8166658|151519|5932|3123336|16|16|302|2|67.19|5.38|72.57|12.00|6.72|53.75|6.72|6.72|12.00|
2451365|69623|1806|3677255|859630|1175|5888844|3677255|859630|1175|5888844|31|9|302|7|63.97|5.12|69.09|12.00|6.40|51.18|6.40|6.40|12.00|
2450957|63615|11326|6597534|1735412|1751|2196856|6597534|1735412|1751|2196856|40|19|303|6|25.98|2.08|28.06|12.00|2.60|20.78|2.60|2.60|12.00|
2451353|83602|1717|6157059|1759804|5534|1558618|6157059|1759804|5534|1558618|44|7|303|10|14.85|1.19|16.04|12.00|1.49|11.88|1.49|1.49|12.00|
2451327|21613|9640|7730873|1333197|4847|5214537|7730873|1333197|4847|5214537|55|6|304|4|20.79|1.66|22.45|12.00|2.08|16.63|2.08|2.08|12.00|
2451429|7311|6350|4621006|1618673|957|4329800|4621006|1618673|957|4329800|7|6|304|4|93.57|7.49|101.06|12.00|9.36|74.86|9.36|9.36|12.00|
2451459|4054|1344|2658600|980557|799|2503258|2658600|980557|799|2503258|4|6|305|6|59.60|4.77|64.37|12.00|5.96|47.68|5.96|5.96|12.00|
2451191|22324|14718|8602924|953178|910|992625|8602924|953178|910|992625|8|3|305|4|94.74|7.58|102.32|12.00|9.47|75.79|9.47|9.47|12.00|
2450895|325|13975|2889688|1153016|2738|1841325|2889688|1153016|2738|1841325|29|9|306|6|60.50|4.84|65.34|12.00|6.05|48.40|6.05|6.05|12.00|
2451094|230|3053|9207341|1801829|1532|695889|9207341|1801829|1532|695889|41|26|306|10|42.19|3.38|45.57|12.00|4.22|33.75|4.22|4.22|12.00|
2451331|49661|296|3411046|1730623|5683|3945992|3411046|1730623|5683|3945992|52|29|307|7|2.52|0.20|2.72|12.00|0.25|2.02|0.25|0.25|12.00|
2451329|57371|3515|4881410|1075406|5166|8999|4881410|1075406|5166|8999|11|28|307|5|86.45|6.92|93.37|12.00|8.65|69.16|8.65|8.65|12.00|
2451214|5105|12968|5022230|964226|2643|2571306|5022230|964226|2643|2571306|6|26|308|8|51.94|4.16|56.10|12.00|5.19|41.55|5.19|5.19|12.00|
2451237|45234|8939|5247802|1114753|3180|4566208|5247802|1114753|3180|4566208|32|18|308|7|4.16|0.33|4.49|12.00|0.42|3.33|0.42|0.42|12.00|
2451308|46114|3687|4748113|1374423|174|132565|4748113|1374423|174|132565|59|35|309|7|78.51|6.28|84.79|12.00|7.85|62.81|7.85|7.85|12.00|
2450936|28050|12091|3352611|1144756|225|7718|3352611|1144756|225|7718|22|29|309|6|64.81|5.18|69.99|12.00|6.48|51.85|6.48|6.48|12.00|
2451498|69083|15541|8899865|198084|2252|3234414|8899865|198084|2252|3234414|39|28|310|5|34.36|2.75|37.11|12.00|3.44|27.49|3.44|3.44|12.00|
2451217|74441|1546|798620|852295|3164|1874044|798620|852295|3164|1874044|20|33|310|10|27.90|2.23|30.13|12.00|2.79|22.32|2.79|2.79|12.00|
2451260|41954|8698|8957064|681139|2650|164277|8957064|681139|2650|164277|1|10|311|6|2.43|0.19|2.62|12.00|0.24|1.94|0.24|0.24|12.00|
2451322|48176|8236|2927445|930748|4330|3183003|2927445|930748|4330|3183003|20|30|311|9|15.35|1.23|16.58|12.00|1.54|12.28|1.54|1.54|12.00|
2450926|27351|9268|2794940|291606|674|4832580|2794940|291606|674|4832580|7|15|312|5|6.28|0.50|6.78|12.00|0.63|5.02|0.63|0.63|12.00|
2450867|86089|1683|1758033|628027|3367|3201580|1758033|628027|3367|3201580|14|8|312|3|73.18|5.85|79.03|12.00|7.32|58.54|7.32|7.32|12.00|
2451390|23008|6546|3143710|1729820|279|3798967|3143710|1729820|279|3798967|28|34|313|1|71.69|5.74|77.43|12.00|7.17|57.35|7.17|7.17|12.00|
2451434|65711|2053|8007632|1290541|1259|4672501|8007632|1290541|1259|4672501|55|2|313|5|33.40|2.67|36.07|12.00|3.34|26.72|3.34|3.34|12.00|
2450996|37944|16501|447871|562148|659|3267592|447871|562148|659|3267592|20|29|314|10|49.13|3.93|53.06|12.00|4.91|39.30|4.91|4.91|12.00|
2450891|38319|13146|5781982|404148|3916|660805|5781982|404148|3916|660805|23|18|314|5|85.86|6.87|92.73|12.00|8.59|68.69|8.59|8.59|12.00|
2450909|31830|12470|2852773|1357081|7050|454482|2852773|1357081|7050|454482|40|22|315|7|78.10|6.25|84.35|12.00|7.81|62.48|7.81|7.81|12.00|
2451365|29264|15605|3384336|117056|4756|3175451|3384336|117056|4756|3175451|32|14|315|9|93.69|7.50|101.19|12.00|9.37|74.95|9.37|9.37|12.00|
2451195|46152|9146|5975339|684273|5959|1755983|5975339|684273|5959|1755983|26|24|316|6|55.67|4.45|60.12|12.00|5.57|44.54|5.57|5.57|12.00|
2450886|16027|9727|8852685|8300|618|597429|8852685|8300|618|597429|20|11|316|3|20.66|1.65|22.31|12.00|2.07|16.53|2.07|2.07|12.00|
2450933|17244|10648|8857335|1054306|3959|5547086|8857335|1054306|3959|5547086|48|8|317|1|47.84|3.83|51.67|12.00|4.78|38.27|4.78|4.78|12.00|
2451101|26499|12471|2359614|316824|4098|5259449|2359614|316824|4098|5259449|6|9|317|8|75.88|6.07|81.95|12.00|7.59|60.70|7.59|7.59|12.00|
2451255|37543|13884|5751234|451926|4582|3707532|5751234|451926|4582|3707532|24|12|318|1|32.80|2.62|35.42|12.00|3.28|26.24|3.28|3.28|12.00|
2450956|11187|14661|8484272|1364542|447|2976788|8484272|1364542|447|2976788|26|24|318|4|8.20|0.66|8.86|12.00|0.82|6.56|0.82|0.82|12.00|
2451463|21044|2331|5227426|280634|4833|5122482|5227426|280634|4833|5122482|51|4|319|6|79.33|6.35|85.68|12.00|7.93|63.46|7.93|7.93|12.00|
2451483|77504|15499|6252504|617454|5942|4580729|6252504|617454|5942|4580729|24|29|319|5|85.30|6.82|92.12|12.00|8.53|68.24|8.53|8.53|12.00|
2451167|82515|12417|3605294|208613|5059|2599401|3605294|208613|5059|2599401|21|26|320|2|89.11|7.13|96.24|12.00|8.91|71.29|8.91|8.91|12.00|
2451073|29795|20|6738457|1225289|4301|4160620|6738457|1225289|4301|4160620|58|24|320|5|79.24|6.34|85.58|12.00|7.92|63.39|7.92|7.92|12.00|
2450919|44687|17370|6212587|302027|2051|3166767|6212587|302027|2051|3166767|32|3|321|7|26.21|2.10|28.31|12.00|2.62|20.97|2.62|2.62|12.00|
2451284|21722|4472|8215233|1805932|3191|584579|8215233|1805932|3191|584579|27|34|321|4|82.08|6.57|88.65|12.00|8.21|65.66|8.21|8.21|12.00|
2451197|71000|7425|6593342|324712|783|1558452|6593342|324712|783|1558452|26|25|322|9|97.16|7.77|104.93|12.00|9.72|77.73|9.72|9.72|12.00|
2451181|13979|10410|10382184|409492|1165|82441|10382184|409492|1165|82441|1|20|322|8|89.89|7.19|97.08|12.00|8.99|71.91|8.99|8.99|12.00|
2451289|31896|1968|10046790|1098616|7188|1622099|10046790|1098616|7188|1622099|25|20|323|5|77.89|6.23|84.12|12.00|7.79|62.31|7.79|7.79|12.00|
2451194|76501|8891|679565|461835|1546|3532302|679565|461835|1546|3532302|28|7|323|3|39.69|3.18|42.87|12.00|3.97|31.75|3.97|3.97|12.00|
2451521|25305|6661|11332762|1441652|4850|2758939|11332762|1441652|4850|2758939|48|4|324|10|52.53|4.20|56.73|12.00|5.25|42.02|5.25|5.25|12.00|
2451490|45601|15356|6478837|1399786|4455|3186483|6478837|1399786|4455|3186483|16|8|324|8|64.59|5.17|69.76|12.00|6.46|51.67|6.46|6.46|12.00|
2450926|16995|17068|1609171|166798|2870|4595662|1609171|166798|2870|4595662|14|17|325|3|66.19|5.30|71.49|12.00|6.62|52.95|6.62|6.62|12.00|
2450850|24921|6573|3626333|620020|1677|457035|3626333|620020|1677|457035|17|34|325|4|88.43|7.07|95.50|12.00|8.84|70.74|8.84|8.84|12.00|
2451450|55599|15119|11117125|408858|4897|5382426|11117125|408858|4897|5382426|39|6|326|8|32.82|2.63|35.45|12.00|3.28|26.26|3.28|3.28|12.00|
2451336|76164|4055|4615161|498926|6549|2318122|4615161|498926|6549|2318122|50|33|326|8|51.98|4.16|56.14|12.00|5.20|41.58|5.20|5.20|12.00|
2451383|42325|5430|1991292|1053670|1008|5795279|1991292|1053670|1008|5795279|10|14|327|4|7.85|0.63|8.48|12.00|0.79|6.28|0.79|0.79|12.00|
2451103|33864|5119|2422446|617505|4029|5341906|2422446|617505|4029|5341906|10|6|327|6|47.62|3.81|51.43|12.00|4.76|38.10|4.76|4.76|12.00|
2451149|62404|16712|633091|759386|1445|5876807|633091|759386|1445|5876807|5|9|328|5|92.82|7.43|100.25|12.00|9.28|74.26|9.28|9.28|12.00|
2451198|38879|6290|1261931|15776|682|2242879|1261931|15776|682|2242879|13|29|328|8|44.66|3.57|48.23|12.00|4.47|35.73|4.47|4.47|12.00|
2451287|3498|2338|316082|512085|3160|1353633|316082|512085|3160|1353633|19|34|329|9|50.66|4.05|54.71|12.00|5.07|40.53|5.07|5.07|12.00|
2451094|30285|9663|9089151|47392|2086|2648558|9089151|47392|2086|2648558|53|30|329|4|25.11|2.01|27.12|12.00|2.51|20.09|2.51|2.51|12.00|
2450999|72685|9015|3896921|1796406|3152|1600125|3896921|1796406|3152|1600125|12|5|330|1|45.03|3.60|48.63|12.00|4.50|36.02|4.50|4.50|12.00|
2451346|52430|14149|11028997|905257|2110|3361623|11028997|905257|2110|3361623|33|21|330|10|46.92|3.75|50.67|12.00|4.69|37.54|4.69|4.69|12.00|
2450911|70022|15740|2314001|1758056|364|5381674|2314001|1758056|364|5381674|27|4|331|2|75.23|6.02|81.25|12.00|7.52|60.18|7.52|7.52|12.00|
2451475|34062|14025|2364047|1095674|164|887045|2364047|1095674|164|887045|5|8|331|2|83.47|6.68|90.15|12.00|8.35|66.78|8.35|8.35|12.00|
2451037|70983|2219|11948453|1875030|3910|2267941|11948453|1875030|3910|2267941|41|13|332|10|35.90|2.87|38.77|12.00|3.59|28.72|3.59|3.59|12.00|
2451307|44602|3446|10783066|1618345|2892|5531025|10783066|1618345|2892|5531025|32|30|332|4|7.15|0.57|7.72|12.00|0.72|5.72|0.72|0.72|12.00|
2451482|24769|16427|10694977|1719338|5634|5469944|10694977|1719338|5634|5469944|56|17|333|1|77.09|6.17|83.26|12.00|7.71|61.67|7.71|7.71|12.00|
2451240|50460|16486|1274376|1897141|1492|2959508|1274376|1897141|1492|2959508|14|21|333|7|45.41|3.63|49.04|12.00|4.54|36.33|4.54|4.54|12.00|
2451434|40834|16002|2722974|1198031|668|5301299|2722974|1198031|668|5301299|48|7|334|5|10.41|0.83|11.24|12.00|1.04|8.33|1.04|1.04|12.00|
2451159|37161|9877|163597|450299|5704|2048907|163597|450299|5704|2048907|43|15|334|7|89.60|7.17|96.77|12.00|8.96|71.68|8.96|8.96|12.00|
2451472|83588|3636|4834537|87555|4550|1701161|4834537|87555|4550|1701161|53|28|335|6|2.60|0.21|2.81|12.00|0.26|2.08|0.26|0.26|12.00|
2451077|80235|6094|9938694|961018|5655|872322|9938694|961018|5655|872322|38|13|335|7|0.67|0.05|0.72|12.00|0.07|0.54|0.07|0.07|12.00|
2451003|56759|3307|8610332|1893593|6102|1533172|8610332|1893593|6102|1533172|2|15|336|9|42.65|3.41|46.06|12.00|4.26|34.12|4.26|4.26|12.00|
2451494|80777|8564|775765|1854226|2393|3778281|775765|1854226|2393|3778281|33|26|336|6|6.36|0.51|6.87|12.00|0.64|5.09|0.64|0.64|12.00|
2450840|67040|14368|4602106|917325|1018|4718351|4602106|917325|1018|4718351|24|15|337|3|21.81|1.74|23.55|12.00|2.18|17.45|2.18|2.18|12.00|
2450929|27252|823|11791153|1228802|1930|5063335|11791153|1228802|1930|5063335|54|6|337|6|65.25|5.22|70.47|12.00|6.53|52.20|6.53|6.53|12.00|
2451473|8921|15741|8113719|1856533|696|1116048|8113719|1856533|696|1116048|50|28|338|4|39.12|3.13|42.25|12.00|3.91|31.30|3.91|3.91|12.00|
2451485|33067|4433|11113251|77124|3835|1010171|11113251|77124|3835|1010171|40|25|338|1|8.69|0.70|9.39|12.00|0.87|6.95|0.87|0.87|12.00|
2450928|71404|13082|4977478|506310|3275|2929200|4977478|506310|3275|2929200|50|6|339|7|10.92|0.87|11.79|12.00|1.09|8.74|1.09|1.09|12.00|
2450865|63626|1303|121959|836098|4830|2358180|121959|836098|4830|2358180|37|18|339|4|74.99|6.00|80.99|12.00|7.50|59.99|7.50|7.50|12.00|
2451490|81874|336|5725670|1491989|1123|4257968|5725670|1491989|1123|4257968|12|8|340|10|93.64|7.49|101.13|12.00|9.36|74.91|9.36|9.36|12.00|
2451100|56409|5273|10385605|1782153|3434|2565296|10385605|1782153|3434|2565296|25|1|340|3|70.04|5.60|75.64|12.00|7.00|56.03|7.00|7.00|12.00|
2451078|13499|11657|7657946|903283|5265|3385457|7657946|903283|5265|3385457|38|25|341|9|85.09|6.81|91.90|12.00|8.51|68.07|8.51|8.51|12.00|
2451479|973|17546|8460304|1596533|101|2715913|8460304|1596533|101|2715913|27|4|341|10|47.33|3.79|51.12|12.00|4.73|37.86|4.73|4.73|12.00|
2451138|463|6590|3592405|1213304|4206|2156668|3592405|1213304|4206|2156668|49|27|342|7|91.84|7.35|99.19|12.00|9.18|73.47|9.18|9.18|12.00|
2451457|67907|13860|2353383|336947|4937|4872665|2353383|336947|4937|4872665|13|11|342|2|72.34|5.79|78.13|12.00|7.23|57.87|7.23|7.23|12.00|
2451542|35207|1007|1654126|682780|4149|3453944|1654126|682780|4149|3453944|17|11|343|10|8.10|0.65|8.75|12.00|0.81|6.48|0.81|0.81|12.00|
2450883|22922|7126|5691669|1232820|5477|1947263|5691669|1232820|5477|1947263|60|32|343|6|13.26|1.06|14.32|12.00|1.33|10.61|1.33|1.33|12.00|
2451456|58365|3264|3522592|1599172|4910|132323|3522592|1599172|4910|132323|1|1|344|2|46.34|3.71|50.05|12.00|4.63|37.07|4.63|4.63|12.00|
2451219|16871|13830|8711906|972540|1068|5162988|8711906|972540|1068|5162988|58|9|344|10|72.90|5.83|78.73|12.00|7.29|58.32|7.29|7.29|12.00|
2450892|85050|13562|4442992|755495|138|1041346|4442992|755495|138|1041346|42|25|345|3|61.13|4.89|66.02|12.00|6.11|48.90|6.11|6.11|12.00|
2451029|27317|9729|4017929|745827|6829|3484827|4017929|745827|6829|3484827|52|29|345|1|10.72|0.86|11.58|12.00|1.07|8.58|1.07|1.07|12.00|
2451243|73607|14384|11837831|203769|4718|4788888|11837831|203769|4718|4788888|55|1|346|4|91.53|7.32|98.85|12.00|9.15|73.22|9.15|9.15|12.00|
2451020|41394|10969|9737265|1696829|2306|5801483|9737265|1696829|2306|5801483|48|23|346|5|45.61|3.65|49.26|12.00|4.56|36.49|4.56|4.56|12.00|
2451110|15481|3837|8816809|23206|2219|4058666|8816809|23206|2219|4058666|21|14|347|3|16.09|1.29|17.38|12.00|1.61|12.87|1.61|1.61|12.00|
2451316|49066|8729|2499417|784377|2219|3680953|2499417|784377|2219|3680953|47|2|347|5|39.50|3.16|42.66|12.00|3.95|31.60|3.95|3.95|12.00|
2451133|60405|12566|100250|1666742|3607|923088|100250|1666742|3607|923088|39|23|348|8|67.25|5.38|72.63|12.00|6.73|53.80|6.73|6.73|12.00|
2450988|49008|14808|10545990|1730493|5528|995756|10545990|1730493|5528|995756|19|32|348|1|0.70|0.06|0.76|12.00|0.07|0.56|0.07|0.07|12.00|
2451075|56385|3535|5956915|926704|125|577655|5956915|926704|125|577655|26|16|349|1|77.58|6.21|83.79|12.00|7.76|62.06|7.76|7.76|12.00|
2451127|13913|3547|7140371|1290576|6866|1616441|7140371|1290576|6866|1616441|47|23|349|1|50.89|4.07|54.96|12.00|5.09|40.71|5.09|5.09|12.00|
2451008|21220|3770|3474310|1914145|2778|1801278|3474310|1914145|2778|1801278|11|3|350|10|6.75|0.54|7.29|12.00|0.68|5.40|0.68|0.68|12.00|
2451424|56259|4458|6188945|376416|5299|1224656|6188945|376416|5299|1224656|24|13|350|5|92.11|7.37|99.48|12.00|9.21|73.69|9.21|9.21|12.00|
2451405|31392|7504|6305937|671061|1544|5662547|6305937|671061|1544|5662547|48|13|351|3|42.71|3.42|46.13|12.00|4.27|34.17|4.27|4.27|12.00|
2451492|67399|16747|5956932|1078612|2651|1075805|5956932|1078612|2651|1075805|48|22|351|8|30.36|2.43|32.79|12.00|3.04|24.29|3.04|3.04|12.00|
2451067|52764|17683|8618783|217887|5773|2532704|8618783|217887|5773|2532704|29|24|352|10|26.68|2.13|28.81|12.00|2.67|21.34|2.67|2.67|12.00|
2450991|37681|6731|5094470|853436|3163|991093|5094470|853436|3163|991093|51|23|352|10|0.60|0.05|0.65|12.00|0.06|0.48|0.06|0.06|12.00|
2450900|15775|10147|453508|618269|6190|5888221|453508|618269|6190|5888221|50|27|353|9|4.52|0.36|4.88|12.00|0.45|3.62|0.45|0.45|12.00|
2451486|66741|12648|10169665|830928|2875|4106977|10169665|830928|2875|4106977|25|11|353|3|0.54|0.04|0.58|12.00|0.05|0.43|0.05|0.05|12.00|
2451100|34338|8195|2714218|1352720|3108|4988737|2714218|1352720|3108|4988737|39|2|354|3|97.15|7.77|104.92|12.00|9.72|77.72|9.72|9.72|12.00|
2450845|44355|2491|6483332|840849|4553|1494138|6483332|840849|4553|1494138|5|15|354|3|84.80|6.78|91.58|12.00|8.48|67.84|8.48|8.48|12.00|
2450928|82520|7834|4567601|242535|2059|306042|4567601|242535|2059|306042|2|5|355|9|75.48|6.04|81.52|12.00|7.55|60.38|7.55|7.55|12.00|
2451209|26088|2524|4902906|882656|6888|5101034|4902906|882656|6888|5101034|26|23|355|5|24.45|1.96|26.41|12.00|2.45|19.56|2.45|2.45|12.00|
2451197|43750|5605|3449957|46705|6911|5564835|3449957|46705|6911|5564835|39|27|356|4|81.29|6.50|87.79|12.00|8.13|65.03|8.13|8.13|12.00|
2450987|65009|11045|5761208|346612|1434|708260|5761208|346612|1434|708260|11|29|356|4|50.84|4.07|54.91|12.00|5.08|40.67|5.08|5.08|12.00|
2451014|6572|7419|2479353|939051|7009|1155972|2479353|939051|7009|1155972|57|6|357|2|59.69|4.78|64.47|12.00|5.97|47.75|5.97|5.97|12.00|
2450830|69855|15388|418423|997960|6435|430123|418423|997960|6435|430123|45|10|357|8|17.01|1.36|18.37|12.00|1.70|13.61|1.70|1.70|12.00|
2451367|14032|2257|7158812|1382927|7161|776451|7158812|1382927|7161|776451|50|2|358|1|41.43|3.31|44.74|12.00|4.14|33.14|4.14|4.14|12.00|
2451310|123|17126|10959092|19379|3876|1102537|10959092|19379|3876|1102537|60|33|358|4|95.84|7.67|103.51|12.00|9.58|76.67|9.58|9.58|12.00|
2450835|30787|3041|1574768|1789508|3994|1570348|1574768|1789508|3994|1570348|1|7|359|10|67.04|5.36|72.40|12.00|6.70|53.63|6.70|6.70|12.00|
